date;MVBCH
20170831;1000
20170901;1087.26
20170902;974.03
20170903;1008.43
20170904;864.7
20170905;904.8
20170906;1083.46
20170907;1122.18
20170908;1027.89
20170909;984.97
20170910;950.68
20170911;949.15
20170912;940.24
20170913;877.63
20170914;719.07
20170915;698.25
20170916;717.97
20170917;747.12
20170918;798.62
20170919;829.68
20170920;850.66
20170921;741.13
20170922;675.77
20170923;716.01
20170924;711.3
20170925;757.31
20170926;760.59
20170927;767.14
20170928;787.65
20170929;751.12
20170930;748.14
20171001;712.74
20171002;695.89
20171003;667.71
20171004;614.78
20171005;599.26
20171006;618.99
20171007;597.21
20171008;597.37
20171009;520.89
20171010;529.82
20171011;522.29
20171012;535.37
20171013;529.66
20171014;540.89
20171015;520.51
20171016;525.27
20171017;602.67
20171018;540.88
20171019;550.1
20171020;552.63
20171021;532.74
20171022;560.17
20171023;519.46
20171024;553.83
20171025;545.96
20171026;564.78
20171027;601.76
20171028;626.49
20171029;762.82
20171030;775.2
20171031;760.3
20171101;819.59
20171102;763.32
20171103;1143.06
20171104;1047.76
20171105;980.42
20171106;1046.02
20171107;1005.19
20171108;1068.55
20171109;1048.98
20171110;1392.86
20171111;2100.4
20171112;2513.8
20171113;2197.75
20171114;2227.61
20171115;2031.42
20171116;1716.28
20171117;1834.75
20171118;2164.81
20171119;1972.46
20171120;2002.46
20171121;2031.62
20171122;2117.46
20171123;2524.89
20171124;2785.39
20171125;2666.14
20171126;2636.24
20171127;2701.62
20171128;2550.14
20171129;2580.71
20171130;2078.85
20171201;2369.14
20171202;2376.9
20171203;2648.19
20171204;2538.39
20171205;2465.61
20171206;2476.21
20171207;2159.44
20171208;2382.11
20171209;2388.31
20171210;2203.21
20171211;2332.74
20171212;2581.1
20171213;2705.43
20171214;3106.05
20171215;2936.02
20171216;2984.26
20171217;3060.51
20171218;3825.24
20171219;3926.15
20171220;6761.07
20171221;5219.94
20171222;3955.71
20171223;5393.33
20171224;4521.91
20171225;4690.35
20171226;4780.36
20171227;4444.71
20171228;4059.96
20171229;4684.33
20171230;3586.19
20171231;4135.09
20180101;3859.94
20180102;4507.77
20180103;4401.63
20180104;4083.29
20180105;4095.9
20180106;4323.79
20180107;4380.11
20180108;3947.19
20180109;4136.47
20180110;4418.52
20180111;4424.01
20180112;4294.96
20180113;4603.55
20180114;4225.52
20180115;4153
20180116;3400.44
20180117;2679.77
20180118;3094.41
20180119;3030.45
20180120;3234.91
20180121;2958.44
20180122;2680.33
20180123;2869.42
20180124;2714.08
20180125;2701.63
20180126;2727.38
20180127;2780.44
20180128;2892.21
20180129;2821.67
20180130;2617.56
20180131;2496.24
20180201;2140.37
20180202;2070.54
20180203;2122.87
20180204;1938.75
20180205;1596.76
20180206;1500.9
20180207;1663.28
20180208;2181.65
20180209;2143.08
20180210;2037.56
20180211;2109.51
20180212;2124.63
20180213;2061.41
20180214;2258.43
20180215;2316.85
20180216;2503.48
20180217;2565.46
20180218;2508.44
20180219;2558.56
20180220;2522.21
20180221;2161.55
20180222;2026.56
20180223;2093.19
20180224;2012.12
20180225;1951.2
20180226;2069.71
20180227;2086.42
20180228;2028.52
20180301;2164.68
20180302;2111.33
20180303;2150.03
20180304;2093.12
20180305;2142.8
20180306;2033.49
20180307;1817.5
20180308;1751.33
20180309;1602.77
20180310;1793.01
20180311;1810.61
20180312;1757.88
20180313;1799.77
20180314;1633.86
20180315;1532.89
20180316;1737.25
20180317;1618.89
20180318;1430.66
20180319;1624.91
20180320;1791.02
20180321;1727.99
20180322;1694.94
20180323;1697.3
20180324;1717.41
20180325;1644.53
20180326;1532.42
20180327;1526.55
20180328;1449.73
20180329;1273.25
20180330;1147.61
20180331;1191.69
20180401;1109.43
20180402;1126.86
20180403;1200.84
20180404;1106.9
20180405;1060.58
20180406;1019.1
20180407;1093.25
20180408;1096.29
20180409;1071.26
20180410;1095.19
20180411;1098.95
20180412;1186.11
20180413;1292.74
20180414;1242.71
20180415;1301.38
20180416;1266.64
20180417;1312.5
20180418;1449.03
20180419;1654.69
20180420;1855.11
20180421;1908.71
20180422;2077.2
20180423;2333.48
20180424;2458.34
20180425;2138.84
20180426;2252.86
20180427;2361.62
20180428;2335.04
20180429;2389.21
20180430;2327.26
20180501;2178.31
20180502;2450.35
20180503;2579.79
20180504;2526.37
20180505;2838.42
20180506;2891.05
20180507;2723.65
20180508;2624.61
20180509;2757.98
20180510;2762.6
20180511;2391.49
20180512;2331.28
20180513;2492.35
20180514;2479.84
20180515;2344.47
20180516;2128.05
20180517;2119.23
20180518;1979.43
20180519;1982.44
20180520;2122.4
20180521;2062.09
20180522;1978.93
20180523;1690.35
20180524;1729.52
20180525;1722.86
20180526;1732.93
20180527;1669.75
20180528;1558.54
20180529;1646.19
20180530;1606.95
20180531;1687.88
20180601;1665.21
20180602;1803.48
20180603;1981.28
20180604;1849.26
20180605;1917.95
20180606;1866.69
20180607;1933.66
20180608;1894.44
20180609;1870
20180610;1709.26
20180611;1561.22
20180612;1523.09
20180613;1398.83
20180614;1469.65
20180615;1466.43
20180616;1442.47
20180617;1435.24
20180618;1465.99
20180619;1499.33
20180620;1504.54
20180621;1469.11
20180622;1290.68
20180623;1267.48
20180624;1267.15
20180625;1276.6
20180626;1221.15
20180627;1197.09
20180628;1172.95
20180629;1108.5
20180630;1234.84
20180701;1219.08
20180702;1254.19
20180703;1300.82
20180704;1290.43
20180705;1255.74
20180706;1212.89
20180707;1223.06
20180708;1288.49
20180709;1250.14
20180710;1167.15
20180711;1167.5
20180712;1142.99
20180713;1178.4
20180714;1181.89
20180715;1225.27
20180716;1320.59
20180717;1316.96
20180718;1456.25
20180719;1360.33
20180720;1336.5
20180721;1329.18
20180722;1361.37
20180723;1330.67
20180724;1428.95
20180725;1403.84
20180726;1399.18
20180727;1376.39
20180728;1368.72
20180729;1383.97
20180730;1353.58
20180731;1300.8

20180801;1270.64
20180802;1251.66
20180803;1214.44
20180804;1171.9
20180805;1172.72
20180806;1161.74
20180807;1185.32
20180808;966.58
20180809;1019.76
20180810;990.32
20180811;924.64
20180812;966.22
20180813;919.05
20180814;814.32
20180815;907
20180816;884.78
20180817;930.99
20180818;916.39
20180819;945.81
20180820;925.27
20180821;894.9
20180822;887.15
20180823;884.38
20180824;888.56
20180825;896.97
20180826;875.56
20180827;893.23
20180828;923.6
20180829;930.37
20180830;890.91
20180831;908.33
20180901;1053.44
20180902;1091.16
20180903;1052.87
20180904;1073.46
20180905;903.71
20180906;858.41
20180907;845.7
20180908;827.72
20180909;814.95
20180910;788.16
20180911;752.74
20180912;705.76
20180913;775.29
20180914;769.17
20180915;770.93
20180916;740.64
20180917;705.89
20180918;741.19
20180919;715.75
20180920;723.09
20180921;816.64
20180922;811.14
20180923;822.04
20180924;798.4
20180925;692.79
20180926;963.42
20180927;944.18
20180928;909.35
20180929;905.05