date;MVFLTR
20110210;1000.00
20110211;1000.66
20110214;1000.99
20110215;1001.75
20110216;1002.24
20110217;1002.51
20110218;1002.42
20110221;1002.42
20110222;1002.65
20110223;1002.95
20110224;1003.01
20110225;1003.23
20110228;1003.42
20110301;1003.68
20110302;1004.12
20110303;1003.84
20110304;1004.12
20110307;1004.46
20110308;1005.08
20110309;1005.32
20110310;1005.35
20110311;1005.55
20110314;1005.70
20110315;1005.14
20110316;1005.25
20110317;1005.66
20110318;1005.69
20110321;1005.14
20110322;1005.17
20110323;1006.06
20110324;1006.26
20110325;1006.32
20110328;1006.94
20110329;1007.49
20110330;1007.49
20110331;1007.84
20110401;1007.91
20110404;1007.02
20110405;1007.16
20110406;1007.54
20110407;1007.50
20110408;1007.56
20110411;1007.63
20110412;1007.54
20110413;1008.64
20110414;1008.57
20110415;1008.57
20110418;1008.82
20110419;1008.87
20110420;1008.65
20110421;1009.05
20110425;1008.92
20110426;1009.30
20110427;1009.30
20110428;1009.15
20110429;1009.52
20110502;1009.55
20110503;1009.59
20110504;1009.73
20110505;1009.72
20110506;1009.81
20110509;1009.86
20110510;1009.64
20110511;1009.62
20110512;1009.56
20110513;1009.47
20110516;1009.44
20110517;1009.44
20110518;1009.15
20110519;1009.21
20110520;1009.15
20110523;1009.49
20110524;1009.39
20110525;1009.40
20110526;1009.09
20110527;1008.96
20110530;1008.96
20110531;1008.52
20110601;1008.58
20110602;1008.83
20110603;1008.49
20110606;1007.93
20110607;1007.69
20110608;1007.25
20110609;1006.85
20110610;1006.61
20110613;1006.24
20110614;1006.40
20110615;1006.55
20110616;1006.48
20110617;1006.07
20110620;1005.80
20110621;1005.83
20110622;1005.56
20110623;1005.46
20110624;1005.03
20110627;1004.80
20110628;1004.28
20110629;1004.22
20110630;1004.91
20110701;1004.91
20110704;1004.91
20110705;1005.06
20110706;1005.00
20110707;1005.07
20110708;1004.98
20110711;1005.21
20110712;1005.28
20110713;1004.94
20110714;1005.34
20110715;1004.58
20110718;1004.55
20110719;1004.35
20110720;1004.15
20110721;1003.51
20110722;1003.24
20110725;1003.21
20110726;1003.68
20110727;1003.73
20110728;1003.84
20110729;1003.69
20110801;1003.20
20110802;1003.35
20110803;1003.35
20110804;1002.79
20110805;1002.05
20110808;1001.40
20110809;999.01
20110810;998.04
20110811;997.23
20110812;994.47
20110815;993.59
20110816;993.67
20110817;993.54
20110818;992.86
20110819;992.20
20110822;991.58
20110823;990.75
20110824;986.45
20110825;986.77
20110826;985.86
20110829;985.45
20110830;985.58
20110831;985.64
20110901;987.74
20110902;987.74
20110905;987.74
20110906;988.31
20110907;987.64
20110908;987.17
20110909;985.84
20110912;985.16
20110913;984.69
20110914;984.19
20110915;984.15
20110916;982.96
20110919;983.01
20110920;982.72
20110921;981.63
20110922;979.68
20110923;975.79
20110926;974.90
20110927;973.87
20110928;973.52
20110929;973.06
20110930;973.33
20111003;972.25
20111004;970.81
20111005;967.34
20111006;964.50
20111007;965.17
20111010;966.52
20111011;966.59
20111012;966.49
20111013;966.96
20111014;967.23
20111017;967.45
20111018;967.32
20111019;967.32
20111020;968.65
20111021;969.08
20111024;970.40
20111025;971.00
20111026;972.43
20111027;972.97
20111028;974.25
20111031;974.94
20111101;975.67
20111102;975.53
20111103;975.12
20111104;975.58
20111107;975.31
20111108;975.82
20111109;975.89
20111110;976.10
20111111;976.81
20111114;976.88
20111115;976.61
20111116;976.43
20111117;974.80
20111118;974.63
20111121;974.62
20111122;972.95
20111123;971.74
20111124;971.74
20111125;969.46
20111128;968.90
20111129;968.71
20111130;967.77
20111201;967.02
20111202;966.81
20111205;966.88
20111206;966.35
20111207;966.38
20111208;966.93
20111209;965.59
20111212;965.34
20111213;965.46
20111214;965.05
20111215;965.01
20111216;965.29
20111219;965.45
20111220;965.84
20111221;966.15
20111222;966.65
20111223;966.00
20111227;966.79
20111228;967.01
20111229;967.05
20111230;966.73
20120102;966.73
20120103;967.08
20120104;967.88
20120105;968.98
20120106;969.26
20120109;969.78
20120110;969.99
20120111;971.12
20120112;971.15
20120113;971.96
20120116;971.96
20120117;971.96
20120118;972.28
20120119;973.26
20120120;975.95
20120123;977.73
20120124;979.55
20120125;979.61
20120126;979.48
20120127;979.29
20120130;979.93
20120131;980.14
20120201;981.90
20120202;982.83
20120203;983.97
20120206;985.35
20120207;986.25
20120208;987.54
20120209;988.10
20120210;988.68
20120213;989.34
20120214;989.34
20120215;989.53
20120216;989.51
20120217;988.90
20120220;988.90
20120221;988.83
20120222;989.12
20120223;988.88
20120224;989.02
20120227;989.41
20120228;990.24
20120229;990.75
20120301;991.62
20120302;992.41
20120305;992.80
20120306;992.99
20120307;993.84
20120308;994.01
20120309;994.51
20120312;995.21
20120313;995.22
20120314;995.14
20120315;996.19
20120316;996.83
20120319;997.04
20120320;997.74
20120321;998.65
20120322;999.64
20120323;999.66
20120326;999.21
20120327;999.48
20120328;1000.29
20120329;1000.46
20120330;1000.41
20120402;1000.46
20120403;1000.39
20120404;1000.48
20120405;1000.82
20120406;1000.71
20120409;1000.74
20120410;1000.81
20120411;1000.39
20120412;999.82
20120413;999.72
20120416;999.78
20120417;999.74
20120418;999.71
20120419;999.68
20120420;1000.09
20120423;1000.73
20120424;1000.57
20120425;1000.83
20120426;1001.02
20120427;1001.18
20120430;1001.19
20120501;1001.34
20120502;1001.41
20120503;1001.84
20120504;1001.76
20120507;1002.29
20120508;1002.73
20120509;1002.19
20120510;1002.29
20120511;1002.22
20120514;1002.32
20120515;1001.84
20120516;1001.83
20120517;1001.77
20120518;1001.14
20120521;1000.43
20120522;999.78
20120523;999.69
20120524;999.69
20120525;1000.00
20120528;1000.00
20120529;1000.07
20120530;1000.02
20120531;1000.00
20120601;999.73
20120604;999.48
20120605;999.10
20120606;999.02
20120607;999.53
20120608;999.85
20120611;1000.15
20120612;1000.81
20120613;1000.80
20120614;1000.88
20120615;1000.93
20120618;1000.63
20120619;1000.94
20120620;1001.30
20120621;1001.46
20120622;1001.87
20120625;1002.64
20120626;1003.21
20120627;1002.82
20120628;1002.80
20120629;1003.48
20120702;1004.14
20120703;1004.28
20120704;1004.28
20120705;1004.46
20120706;1004.71
20120709;1004.90
20120710;1005.42
20120711;1005.92
20120712;1005.93
20120713;1006.45
20120716;1006.32
20120717;1006.54
20120718;1007.25
20120719;1008.22
20120720;1008.85
20120723;1008.89
20120724;1008.59
20120725;1008.73
20120726;1008.86
20120727;1009.45
20120730;1009.54
20120731;1010.08
20120801;1010.22
20120802;1010.61
20120803;1010.82
20120806;1010.87
20120807;1011.08
20120808;1011.31
20120809;1011.62
20120810;1011.96
20120813;1012.30
20120814;1012.42
20120815;1012.65
20120816;1013.32
20120817;1013.61
20120820;1014.16
20120821;1014.35
20120822;1014.59
20120823;1014.89
20120824;1015.01
20120827;1015.11
20120828;1015.14
20120829;1015.59
20120830;1015.67
20120831;1016.25
20120903;1016.25
20120904;1016.45
20120905;1017.09
20120906;1017.41
20120907;1017.89
20120910;1018.30
20120911;1018.58
20120912;1019.33
20120913;1019.88
20120914;1020.41
20120917;1020.81
20120918;1021.25
20120919;1021.51
20120920;1021.69
20120921;1022.62
20120924;1022.70
20120925;1022.91
20120926;1022.86
20120927;1023.12
20120928;1023.25
20121001;1023.58
20121002;1023.67
20121003;1023.77
20121004;1024.00
20121005;1024.44
20121008;1024.55
20121009;1024.66
20121010;1024.89
20121011;1025.08
20121012;1025.47
20121015;1025.71
20121016;1025.90
20121017;1026.03
20121018;1026.96
20121019;1027.38
20121022;1027.66
20121023;1027.71
20121024;1028.08
20121025;1028.38
20121026;1028.55
20121029;1028.43
20121030;1028.43
20121031;1028.56
20121101;1029.10
20121102;1029.30
20121105;1029.62
20121106;1029.77
20121107;1029.81
20121108;1030.00
20121109;1029.96
20121112;1029.96
20121113;1030.06
20121114;1030.12
20121115;1030.11
20121116;1030.12
20121119;1030.12
20121120;1030.23
20121121;1030.17
20121122;1030.17
20121123;1029.90
20121126;1029.95
20121127;1030.28
20121128;1030.30
20121129;1030.34
20121130;1030.61
20121203;1030.63
20121204;1030.89
20121205;1031.90
20121206;1031.79
20121207;1031.91
20121210;1031.72
20121211;1031.56
20121212;1031.29
20121213;1031.42
20121214;1031.88
20121217;1032.18
20121218;1032.22
20121219;1032.19
20121220;1032.42
20121221;1032.59
20121224;1032.52
20121226;1032.71
20121227;1032.75
20121228;1032.81
20121231;1033.06
20130101;1033.06
20130102;1033.16
20130103;1033.46
20130104;1033.62
20130107;1033.86
20130108;1034.07
20130109;1034.30
20130110;1034.70
20130111;1035.08
20130114;1035.31
20130115;1035.63
20130116;1035.68
20130117;1035.86
20130118;1035.98
20130121;1035.98
20130122;1035.99
20130123;1036.22
20130124;1036.56
20130125;1036.76
20130128;1036.64
20130129;1036.81
20130130;1036.84
20130131;1037.02
20130201;1037.45
20130204;1037.74
20130205;1037.51
20130206;1037.82
20130207;1038.18
20130208;1038.31
20130211;1038.55
20130212;1038.56
20130213;1038.46
20130214;1038.51
20130215;1038.71
20130218;1038.71
20130219;1039.08
20130220;1039.27
20130221;1039.44
20130222;1039.63
20130225;1039.54
20130226;1039.67
20130227;1039.69
20130228;1039.74
20130301;1039.89
20130304;1039.93
20130305;1040.14
20130306;1040.26
20130307;1040.33
20130308;1040.52
20130311;1040.63
20130312;1040.74
20130313;1040.75
20130314;1040.93
20130315;1041.07
20130318;1041.40
20130319;1041.54
20130320;1041.54
20130321;1041.59
20130322;1041.49
20130325;1041.51
20130326;1041.66
20130327;1041.55
20130328;1041.19
20130401;1041.19
20130402;1041.32
20130403;1041.50
20130404;1041.20
20130405;1041.52
20130408;1041.53
20130409;1041.69
20130410;1041.80
20130411;1042.11
20130412;1042.28
20130415;1042.21
20130416;1042.44
20130417;1042.50
20130418;1042.56
20130419;1042.66
20130422;1042.91
20130423;1042.98
20130424;1042.92
20130425;1042.99
20130426;1042.86
20130429;1042.97
20130430;1043.21
20130501;1043.38
20130502;1043.41
20130503;1043.60
20130506;1043.87
20130507;1043.90
20130508;1044.19
20130509;1044.12
20130510;1044.24
20130513;1044.23
20130514;1044.35
20130515;1044.32
20130516;1044.25
20130517;1044.37
20130520;1044.49
20130521;1044.59
20130522;1044.69
20130523;1044.79
20130524;1044.75
20130527;1044.75
20130528;1044.74
20130529;1044.88
20130530;1044.90
20130531;1044.99
20130603;1044.63
20130604;1044.73
20130605;1045.02
20130606;1044.81
20130607;1044.54
20130610;1044.52
20130611;1044.45
20130612;1044.29
20130613;1044.32
20130614;1043.97
20130617;1044.05
20130618;1044.34
20130619;1044.20
20130620;1044.36
20130621;1043.69
20130624;1043.48
20130625;1043.07
20130626;1042.69
20130627;1042.24
20130628;1042.20
20130701;1042.27
20130702;1042.33
20130703;1042.61
20130704;1042.61
20130705;1042.57
20130708;1042.62
20130709;1042.73
20130710;1043.06
20130711;1043.12
20130712;1043.26
20130715;1043.38
20130716;1043.51
20130717;1043.51
20130718;1043.84
20130719;1044.21
20130722;1044.41
20130723;1044.74
20130724;1044.84
20130725;1044.87
20130726;1044.94
20130729;1045.16
20130730;1045.23
20130731;1045.26
20130801;1045.06
20130802;1045.12
20130805;1045.35
20130806;1045.42
20130807;1045.47
20130808;1045.56
20130809;1045.50
20130812;1045.48
20130813;1045.71
20130814;1045.95
20130815;1045.99
20130816;1045.92
20130819;1045.66
20130820;1046.14
20130821;1045.94
20130822;1045.87
20130823;1045.96
20130826;1046.00
20130827;1046.12
20130828;1046.21
20130829;1046.26
20130830;1046.16
20130902;1046.16
20130903;1046.09
20130904;1046.39
20130905;1046.66
20130906;1046.69
20130909;1046.61
20130910;1046.82
20130911;1046.94
20130912;1047.05
20130913;1047.05
20130916;1047.25
20130917;1047.45
20130918;1047.45
20130919;1047.67
20130920;1047.98
20130923;1048.16
20130924;1048.51
20130925;1048.45
20130926;1048.39
20130927;1048.41
20130930;1048.40
20131001;1048.48
20131002;1048.68
20131003;1048.79
20131004;1048.94
20131007;1048.84
20131008;1048.98
20131009;1049.04
20131010;1049.04
20131011;1048.96
20131014;1048.96
20131015;1048.96
20131016;1049.12
20131017;1049.32
20131018;1049.44
20131021;1049.68
20131022;1049.81
20131023;1049.74
20131024;1050.03
20131025;1049.89
20131028;1049.96
20131029;1050.16
20131030;1050.21
20131031;1050.19
20131101;1050.14
20131104;1050.21
20131105;1050.31
20131106;1050.33
20131107;1050.49
20131108;1050.53
20131111;1050.53
20131112;1050.75
20131113;1050.81
20131114;1050.61
20131115;1050.81
20131118;1050.70
20131119;1050.82
20131120;1050.72
20131121;1050.74
20131122;1050.84
20131125;1051.08
20131126;1051.06
20131127;1051.07
20131128;1051.07
20131129;1051.06
20131202;1050.95
20131203;1050.98
20131204;1051.09
20131205;1051.03
20131206;1050.91
20131209;1051.02
20131210;1051.08
20131211;1051.30
20131212;1051.14
20131213;1051.15
20131216;1051.27
20131217;1051.33
20131218;1051.36
20131219;1051.43
20131220;1051.73
20131223;1051.79
20131224;1051.89
20131226;1051.94
20131227;1052.03
20131230;1052.12
20131231;1052.32
20140101;1052.32
20140102;1052.32
20140103;1052.38
20140106;1052.58
20140107;1052.98
20140108;1053.11
20140109;1053.26
20140110;1053.30
20140113;1053.33
20140114;1053.37
20140115;1053.62
20140116;1053.76
20140117;1053.89
20140120;1053.89
20140121;1054.12
20140122;1054.15
20140123;1054.18
20140124;1053.91
20140127;1053.83
20140128;1053.72
20140129;1053.63
20140130;1053.52
20140131;1053.48
20140203;1053.60
20140204;1053.61
20140205;1053.58
20140206;1053.64
20140207;1053.87
20140210;1054.11
20140211;1054.19
20140212;1054.22
20140213;1054.21
20140214;1054.33
20140217;1054.33
20140218;1054.48
20140219;1054.51
20140220;1054.64
20140221;1054.81
20140224;1054.95
20140225;1055.12
20140226;1055.31
20140227;1055.26
20140228;1055.18
20140303;1055.40
20140304;1055.59
20140305;1055.62
20140306;1055.68
20140307;1055.73
20140310;1055.82
20140311;1055.86
20140312;1055.87
20140313;1055.89
20140314;1055.84
20140317;1055.90
20140318;1056.12
20140319;1055.98
20140320;1055.99
20140321;1056.08
20140324;1056.14
20140325;1056.09
20140326;1056.09
20140327;1056.30
20140328;1056.32
20140331;1056.36
20140401;1056.59
20140402;1056.65
20140403;1056.78
20140404;1056.85
20140407;1056.99
20140408;1056.99
20140409;1057.18
20140410;1057.21
20140411;1057.35
20140414;1057.39
20140415;1057.49
20140416;1057.60
20140417;1057.69
20140418;1057.69
20140421;1057.88
20140422;1057.93
20140423;1057.77
20140424;1057.86
20140425;1057.87
20140428;1058.06
20140429;1058.12
20140430;1058.31
20140501;1058.37
20140502;1058.42
20140505;1058.43
20140506;1058.53
20140507;1058.50
20140508;1058.68
20140509;1058.76
20140512;1058.93
20140513;1059.03
20140514;1059.12
20140515;1059.15
20140516;1059.11
20140519;1059.30
20140520;1059.33
20140521;1059.25
20140522;1059.22
20140523;1059.28
20140526;1059.28
20140527;1059.55
20140528;1059.56
20140529;1059.60
20140530;1059.65
20140602;1059.76
20140603;1059.90
20140604;1059.81
20140605;1060.01
20140606;1060.23
20140609;1060.41
20140610;1060.36
20140611;1060.40
20140612;1060.37
20140613;1060.56
20140616;1060.66
20140617;1060.57
20140618;1060.55
20140619;1060.62
20140620;1060.78
20140623;1060.84
20140624;1060.95
20140625;1060.90
20140626;1060.98
20140627;1060.95
20140630;1060.98
20140701;1060.99
20140702;1061.11
20140703;1061.13
20140704;1061.13
20140707;1061.35
20140708;1061.41
20140709;1061.43
20140710;1061.50
20140711;1061.46
20140714;1061.56
20140715;1061.52
20140716;1061.56
20140717;1061.50
20140718;1061.52
20140721;1061.61
20140722;1061.62
20140723;1061.65
20140724;1061.65
20140725;1061.68
20140728;1061.88
20140729;1062.04
20140730;1062.22
20140731;1062.28
20140801;1062.25
20140804;1062.30
20140805;1062.27
20140806;1062.38
20140807;1062.54
20140808;1062.52
20140811;1062.58
20140812;1062.67
20140813;1062.69
20140814;1062.75
20140815;1062.84
20140818;1062.83
20140819;1062.88
20140820;1063.07
20140821;1063.12
20140822;1063.23
20140825;1063.29
20140826;1063.36
20140827;1063.50
20140828;1063.54
20140829;1063.72
20140901;1063.72
20140902;1063.84
20140903;1063.94
20140904;1064.12
20140905;1064.18
20140908;1064.20
20140909;1064.43
20140910;1064.60
20140911;1064.53
20140912;1064.50
20140915;1064.75
20140916;1064.79
20140917;1064.77
20140918;1064.89
20140919;1064.94
20140922;1065.04
20140923;1065.02
20140924;1064.94
20140925;1065.00
20140926;1064.97
20140929;1064.70
20140930;1064.67
20141001;1064.37
20141002;1064.38
20141003;1064.40
20141006;1064.43
20141007;1064.40
20141008;1064.39
20141009;1064.35
20141010;1064.27
20141013;1064.27
20141014;1064.39
20141015;1063.94
20141016;1063.68
20141017;1063.69
20141020;1063.54
20141021;1063.39
20141022;1063.38
20141023;1063.22
20141024;1063.35
20141027;1063.43
20141028;1063.59
20141029;1063.60
20141030;1063.68
20141031;1063.69
20141103;1063.75
20141104;1063.77
20141105;1063.78
20141106;1063.82
20141107;1063.90
20141110;1064.00
20141111;1064.00
20141112;1063.94
20141113;1063.96
20141114;1063.66
20141117;1063.10
20141118;1063.12
20141119;1063.00
20141120;1062.63
20141121;1062.64
20141124;1062.71
20141125;1062.86
20141126;1062.77
20141127;1062.77
20141128;1062.78
20141201;1063.02
20141202;1062.97
20141203;1062.90
20141204;1063.10
20141205;1063.04
20141208;1062.91
20141209;1062.73
20141210;1062.57
20141211;1062.24
20141212;1062.17
20141215;1061.26
20141216;1060.85
20141217;1061.07
20141218;1060.74
20141219;1060.54
20141222;1060.91
20141223;1061.03
20141224;1060.96
20141225;1060.96
20141226;1060.83
20141229;1060.88
20141230;1060.74
20141231;1060.86
20150102;1060.71
20150105;1060.62
20150106;1060.55
20150107;1060.51
20150108;1061.02
20150109;1060.62
20150112;1060.59
20150113;1060.62
20150114;1060.64
20150115;1060.80
20150116;1060.56
20150120;1060.62
20150121;1060.70
20150122;1060.67
20150123;1060.77
20150126;1060.95
20150127;1061.05
20150128;1060.93
20150129;1060.87
20150130;1060.27
20150202;1060.31
20150203;1060.47
20150204;1060.51
20150205;1060.88
20150206;1061.10
20150209;1061.16
20150210;1061.34
20150211;1061.50
20150212;1061.57
20150213;1061.82
20150217;1062.01
20150218;1062.20
20150219;1062.41
20150220;1062.32
20150223;1062.71
20150224;1062.96
20150225;1062.82
20150226;1062.77
20150227;1062.79
20150302;1063.18
20150303;1063.78
20150304;1063.83
20150305;1063.91
20150306;1064.08
20150309;1064.03
20150310;1063.95
20150311;1063.99
20150312;1063.79
20150313;1063.80
20150316;1063.66
20150317;1063.50
20150318;1063.39
20150319;1063.39
20150320;1063.43
20150323;1063.71
20150324;1063.81
20150325;1063.96
20150326;1063.93
20150327;1063.99
20150330;1064.13
20150331;1064.24
20150401;1064.75
20150402;1064.42
20150403;1064.42
20150406;1064.50
20150407;1064.51
20150408;1064.59
20150409;1064.60
20150410;1064.78
20150413;1064.87
20150414;1064.91
20150415;1064.94
20150416;1064.96
20150417;1064.87
20150420;1064.92
20150421;1065.11
20150422;1064.98
20150423;1065.10
20150424;1065.12
20150427;1065.20
20150428;1065.22
20150429;1065.26
20150430;1065.47
20150501;1065.49
20150504;1065.57
20150505;1065.68
20150506;1065.69
20150507;1065.84
20150508;1065.88
20150511;1065.96
20150512;1066.02
20150513;1065.89
20150514;1065.95
20150515;1066.01
20150518;1066.03
20150519;1066.01
20150520;1066.03
20150521;1066.03
20150522;1066.00
20150526;1066.06
20150527;1066.09
20150528;1066.07
20150529;1066.07
20150601;1066.06
20150602;1066.05
20150603;1065.99
20150604;1065.97
20150605;1065.99
20150608;1066.03
20150609;1066.03
20150610;1066.04
20150611;1066.00
20150612;1065.95
20150615;1065.84
20150616;1065.78
20150617;1065.57
20150618;1065.44
20150619;1065.34
20150622;1065.34
20150623;1065.39
20150624;1065.18
20150625;1065.20
20150626;1064.97
20150629;1064.94
20150630;1064.94
20150701;1064.86
20150702;1064.75
20150706;1064.84
20150707;1064.78
20150708;1064.76
20150709;1064.69
20150710;1064.66
20150713;1064.78
20150714;1064.79
20150715;1064.81
20150716;1064.77
20150717;1064.78
20150720;1064.88
20150721;1064.90
20150722;1064.88
20150723;1064.87
20150724;1064.75
20150727;1064.95
20150728;1064.97
20150729;1065.15
20150730;1065.14
20150731;1065.01
20150803;1065.07
20150804;1065.10
20150805;1065.22
20150806;1065.12
20150807;1065.12
20150810;1065.24
20150811;1065.11
20150812;1065.13
20150813;1065.12
20150814;1064.99
20150817;1064.98
20150818;1065.06
20150819;1065.11
20150820;1065.14
20150821;1065.17
20150824;1065.20
20150825;1065.05
20150826;1064.97
20150827;1064.97
20150828;1064.74
20150831;1064.85
20150901;1064.65
20150902;1064.71
20150903;1064.39
20150904;1064.43
20150908;1064.55
20150909;1064.31
20150910;1064.34
20150911;1064.21
20150914;1064.29
20150915;1064.20
20150916;1064.27
20150917;1064.29
20150918;1064.27
20150921;1064.34
20150922;1064.42
20150923;1064.42
20150924;1064.49
20150925;1064.31
20150928;1064.35
20150929;1063.79
20150930;1063.25
20151001;1063.18
20151002;1063.26
20151005;1063.28
20151006;1063.27
20151007;1063.34
20151008;1063.48
20151009;1063.55
20151013;1063.66
20151014;1063.55
20151015;1063.60
20151016;1063.58
20151019;1063.62
20151020;1063.59
20151021;1063.63
20151022;1063.66
20151023;1063.63
20151026;1063.67
20151027;1063.52
20151028;1063.69
20151029;1063.70
20151030;1063.82
20151102;1063.91
20151103;1064.03
20151104;1064.08
20151105;1064.34
20151106;1064.46
20151109;1064.53
20151110;1064.72
20151112;1064.78
20151113;1064.83
20151116;1064.91
20151117;1064.93
20151118;1064.94
20151119;1065.04
20151120;1065.02
20151123;1065.16
20151124;1065.23
20151125;1065.25
20151127;1065.29
20151130;1065.39
20151201;1065.20
20151202;1065.07
20151203;1065.13
20151204;1065.00
20151207;1064.96
20151208;1065.01
20151209;1064.97
20151210;1064.83
20151211;1064.65
20151214;1064.60
20151215;1064.28
20151216;1064.24
20151217;1064.28
20151218;1064.20
20151221;1064.18
20151222;1064.30
20151223;1064.37
20151224;1064.39
20151228;1064.51
20151229;1064.56
20151230;1064.67
20151231;1064.70
20160104;1064.84
20160105;1064.89
20160106;1064.88
20160107;1064.78
20160108;1064.81
20160111;1064.89
20160112;1064.91
20160113;1064.83
20160114;1064.82
20160115;1064.73
20160119;1064.59
20160120;1064.49
20160121;1064.47
20160122;1063.91
20160125;1063.84
20160126;1063.77
20160127;1063.66
20160128;1063.69
20160129;1063.29
20160201;1063.40
20160202;1063.13
20160203;1062.99
20160204;1063.08
20160205;1062.88
20160208;1062.91
20160209;1062.56
20160210;1062.43
20160211;1062.02
20160212;1061.94
20160216;1063.41
20160217;1063.41
20160218;1063.36
20160219;1063.52
20160222;1063.45
20160223;1063.07
20160224;1063.08
20160225;1063.28
20160226;1063.38
20160229;1063.42
20160301;1063.38
20160302;1062.82
20160303;1062.25
20160304;1062.61
20160307;1062.78
20160308;1062.89
20160309;1062.91
20160310;1063.15
20160311;1063.57
20160314;1064.04
20160315;1064.19
20160316;1064.46
20160317;1064.83
20160318;1064.91
20160321;1065.39
20160322;1065.48
20160323;1065.57
20160324;1065.93
20160328;1066.14
20160329;1066.35
20160330;1066.68
20160331;1066.76
20160401;1066.78
20160404;1067.09
20160405;1067.38
20160406;1067.71
20160407;1067.84
20160408;1068.08
20160411;1068.39
20160412;1068.43
20160413;1068.79
20160414;1068.99
20160415;1069.25
20160418;1069.44
20160419;1069.74
20160420;1069.98
20160421;1070.11
20160422;1070.19
20160425;1070.37
20160426;1070.48
20160427;1070.75
20160428;1070.92
20160429;1070.98
20160502;1071.20
20160503;1071.46
20160504;1071.57
20160505;1071.79
20160506;1071.85
20160509;1071.89
20160510;1072.11
20160511;1072.57
20160512;1072.58
20160513;1072.70
20160516;1072.86
20160517;1072.98
20160518;1073.02
20160519;1073.12
20160520;1073.22
20160523;1073.45
20160524;1073.84
20160525;1074.11
20160526;1074.08
20160527;1074.28
20160531;1074.42
20160601;1074.57
20160602;1074.74
20160603;1074.96
20160606;1075.11
20160607;1075.22
20160608;1075.44
20160609;1075.57
20160610;1075.45
20160613;1075.48
20160614;1075.44
20160615;1075.44
20160616;1075.62
20160617;1075.57
20160620;1075.60
20160621;1075.76
20160622;1075.83
20160623;1075.88
20160624;1075.53
20160627;1075.38
20160628;1075.40
20160629;1075.38
20160630;1075.53
20160701;1075.71
20160705;1076.01
20160706;1076.11
20160707;1076.38
20160708;1076.53
20160711;1076.53
20160712;1076.92
20160713;1077.04
20160714;1077.35
20160715;1077.37
20160718;1077.72
20160719;1077.96
20160720;1078.01
20160721;1078.19
20160722;1078.50
20160725;1078.81
20160726;1078.93
20160727;1079.13
20160728;1079.31
20160729;1079.45
20160801;1079.83
20160802;1079.99
20160803;1080.02
20160804;1080.28
20160805;1080.47
20160808;1080.76
20160809;1081.01
20160810;1081.23
20160811;1081.40
20160812;1081.51
20160815;1082.02
20160816;1082.48
20160817;1082.89
20160818;1083.15
20160819;1083.24
20160822;1083.58
20160823;1083.73
20160824;1084.10
20160825;1084.37
20160826;1084.52
20160829;1084.86
20160830;1085.20
20160831;1085.38
20160901;1085.47
20160902;1085.72
20160906;1085.97
20160907;1086.08
20160908;1086.32
20160909;1086.54
20160912;1086.36
20160913;1086.19
20160914;1086.31
20160915;1086.59
20160916;1086.32
20160919;1086.12
20160920;1086.23
20160921;1086.42
20160922;1086.56
20160923;1086.59
20160926;1086.53
20160927;1086.03
20160928;1086.14
20160929;1086.12
20160930;1085.93
20161003;1085.94
20161004;1086.36
20161005;1086.47
20161006;1086.55
20161007;1086.62
20161010;1086.62
20161011;1086.86
20161012;1087.07
20161013;1087.28
20161014;1087.27
20161017;1087.33
20161018;1087.45
20161019;1087.51
20161020;1087.59
20161021;1087.64
20161024;1087.77
20161025;1087.94
20161026;1087.83
20161027;1087.99
20161028;1088.03
20161031;1088.19
20161101;1088.24
20161102;1088.34
20161103;1088.57
20161104;1088.69
20161107;1088.82
20161108;1088.92
20161109;1088.99
20161110;1089.30
20161111;1089.30
20161114;1089.46
20161115;1089.55
20161116;1089.85
20161117;1089.93
20161118;1089.78
20161121;1089.70
20161122;1090.16
20161123;1090.27
20161125;1090.48
20161128;1090.56
20161129;1090.88
20161130;1091.00
20161201;1091.03
20161202;1091.09
20161205;1091.25
20161206;1091.49
20161207;1091.61
20161208;1091.75
20161209;1091.94
20161212;1092.25
20161213;1092.36
20161214;1092.47
20161215;1092.90
20161216;1093.26
20161219;1093.53
20161220;1093.56
20161221;1093.82
20161222;1094.12
20161223;1094.22
20161227;1094.32
20161228;1094.22
20161229;1094.38
20161230;1094.42
20170103;1094.54
20170104;1094.55
20170105;1094.80
20170106;1094.60
20170109;1094.87
20170110;1094.88
20170111;1094.91
20170112;1095.11
20170113;1095.29
20170117;1095.72
20170118;1095.49
20170119;1095.48
20170120;1095.58
20170123;1095.79
20170124;1096.00
20170125;1096.36
20170126;1096.61
20170127;1096.65
20170130;1097.06
20170131;1097.19
20170201;1097.32
20170202;1097.88
20170203;1098.08
20170206;1098.42
20170207;1098.70
20170208;1098.75
20170209;1098.96
20170210;1099.06
20170213;1099.47
20170214;1099.80
20170215;1100.11
20170216;1100.17
20170217;1100.24
20170221;1100.54
20170222;1101.05
20170223;1101.27
20170224;1101.85
20170227;1102.12
20170228;1102.52
20170301;1102.81
20170302;1103.24
20170303;1103.54
20170306;1103.78
20170307;1103.88
20170308;1103.75
20170309;1103.26
20170310;1103.23
20170313;1103.49
20170314;1103.54
20170315;1103.63
20170316;1103.88
20170317;1104.02
20170320;1104.32
20170321;1104.62
20170322;1104.58
20170323;1104.62
20170324;1104.39
20170327;1104.64
20170328;1104.57
20170329;1104.63
20170330;1104.86
20170331;1105.00
20170403;1105.28
20170404;1105.34
20170405;1105.47
20170406;1105.65
20170407;1105.85
20170410;1106.05
20170411;1106.10
20170412;1105.98
20170413;1106.09
20170417;1106.29
20170418;1106.38
20170419;1106.16
20170420;1105.98
20170421;1106.04
20170424;1106.50
20170425;1106.80
20170426;1106.90
20170427;1106.93
20170428;1107.14
20170501;1107.40
20170502;1107.59
20170503;1107.69
20170504;1107.86
20170505;1107.89
20170508;1108.42
20170509;1108.49
20170510;1108.61
20170511;1108.81
20170512;1108.82
20170515;1108.97
20170516;1109.15
20170517;1108.84
20170518;1108.74
20170519;1108.80
20170522;1108.98
20170523;1109.01
20170524;1108.98
20170525;1109.09
20170526;1109.17
20170530;1109.40
20170531;1109.65
20170601;1109.64
20170602;1109.94
20170605;1110.19
20170606;1110.36
20170607;1110.36
20170608;1110.41
20170609;1110.53
20170612;1110.81
20170613;1110.80
20170614;1110.97
20170615;1111.09
20170616;1111.05
20170619;1111.34
20170620;1111.23
20170621;1111.39
20170622;1111.48
20170623;1111.46
20170626;1111.70
20170627;1111.79
20170628;1111.92
20170629;1112.33
20170630;1112.57
20170703;1112.78
20170705;1113.11
20170706;1113.28
20170707;1113.43
20170710;1113.68
20170711;1113.87
20170712;1113.98
20170713;1114.10
20170714;1114.24
20170717;1114.39
20170718;1114.53
20170719;1114.55
20170720;1114.56
20170721;1114.59
20170724;1114.81
20170725;1115.04
20170726;1115.00
20170727;1115.15
20170728;1115.38
20170731;1115.62
20170801;1115.85
20170802;1115.97
20170803;1115.97
20170804;1115.99
20170807;1116.24
20170808;1116.33
20170809;1116.24
20170810;1116.05
20170811;1115.87
20170814;1116.02
20170815;1116.15
20170816;1116.30
20170817;1116.40
20170818;1116.41
20170821;1116.51
20170822;1116.49
20170823;1116.51
20170824;1116.55
20170825;1116.61
20170828;1116.93
20170829;1116.86
20170830;1117.05
20170831;1117.11
20170901;1117.16
20170905;1117.42
20170906;1117.33
20170907;1117.30
20170908;1117.33
20170911;1117.45
20170912;1117.41
20170913;1117.49
20170914;1117.49
20170915;1117.67
20170918;1117.97
20170919;1118.19
20170920;1118.38
20170921;1118.47
20170922;1118.68
20170925;1119.06
20170926;1119.26
20170927;1119.52
20170928;1119.96
20170929;1120.26
20171002;1120.61
20171003;1120.89
20171004;1121.16
20171005;1121.31
20171006;1121.38
20171009;1121.38
20171010;1121.88
20171011;1122.10
20171012;1122.22
20171013;1122.43
20171016;1122.61
20171017;1122.81
20171018;1123.07
20171019;1123.21
20171020;1123.23
20171023;1123.65
20171024;1123.78
20171025;1123.79
20171026;1123.98
20171027;1124.09
20171030;1124.33
20171031;1124.34
20171101;1124.49
20171102;1124.68
20171103;1124.79
20171106;1125.00
20171107;1125.01
20171108;1125.08
20171109;1125.19
20171110;1125.17
20171113;1125.36
20171114;1125.43
20171115;1125.27
20171116;1125.28
20171117;1125.39
20171120;1125.57
20171121;1125.52
20171122;1125.63
20171124;1125.78
20171127;1126.16
20171128;1126.23
20171129;1126.31
20171130;1126.50
20171201;1126.69
20171204;1126.91
20171205;1127.04
20171206;1127.23
20171207;1127.13
20171208;1127.15
20171211;1127.44
20171212;1127.45
20171213;1127.59
20171214;1127.68
20171215;1127.77
20171218;1127.97
20171219;1128.16
20171220;1128.18
20171221;1128.08
20171222;1128.08
20171226;1128.38
20171227;1128.47
20171228;1128.53
20171229;1128.65
20180102;1129.01
20180103;1129.18
20180104;1129.36
20180105;1129.41
20180108;1129.71
20180109;1129.90
20180110;1130.23
20180111;1130.40
20180112;1130.42
20180116;1130.88
20180117;1131.01
20180118;1131.12
20180119;1131.37
20180122;1131.83
20180123;1132.10
20180124;1132.37
20180125;1132.55
20180126;1132.98
20180129;1133.54
20180130;1133.66
20180131;1133.93
20180201;1134.15
20180202;1134.29
20180205;1134.51
20180206;1134.05
20180207;1134.37
20180208;1134.30
20180209;1133.73
20180212;1133.60
20180213;1133.38
20180214;1133.44
20180215;1133.53
20180216;1133.66
20180220;1133.98
20180221;1134.14
20180222;1134.19
20180223;1134.27
20180226;1134.45
20180227;1134.47
20180228;1134.55
20180301;1134.48
20180302;1134.25
20180305;1134.38
20180306;1134.50
20180307;1134.83
20180308;1134.73
20180309;1134.47
20180312;1134.62
20180313;1134.11
20180314;1133.74
20180315;1133.37
20180316;1133.50
20180319;1133.43
20180320;1133.26
20180321;1133.19
20180322;1133.09
20180323;1132.75
20180326;1132.68
20180327;1132.49
20180328;1132.63
20180329;1132.94
20180402;1133.27
20180403;1133.41
20180404;1133.73
20180405;1134.16
20180406;1134.35
20180409;1134.77
20180410;1134.95
20180411;1135.24
20180412;1135.46
20180413;1135.55
20180416;1135.92
20180417;1136.42
20180418;1136.62
20180419;1136.72
20180420;1136.98
20180423;1137.51
20180424;1137.68
20180425;1137.90
20180426;1138.08
20180427;1138.45
20180430;1138.85
20180501;1139.17
20180502;1139.31
20180503;1139.65
20180504;1139.60
20180507;1139.98
20180508;1140.21
20180509;1140.43
20180510;1140.58
20180511;1140.15
20180514;1140.43
20180515;1140.20
20180516;1140.16
20180517;1140.20
20180518;1140.25
20180521;1140.57
20180522;1140.62
20180523;1140.51
20180524;1140.65
20180525;1140.73
20180529;1140.28
20180530;1140.35
20180531;1140.08
20180601;1140.22
20180604;1140.59
20180605;1140.57
20180606;1140.44
20180607;1140.25
20180608;1140.23
20180611;1140.46
20180612;1140.49
20180613;1140.57
20180614;1140.80
20180615;1140.94
20180618;1141.12
20180619;1141.06
20180620;1141.09
20180621;1140.90
20180622;1141.01
20180625;1141.04
20180626;1141.15
20180627;1141.07
20180628;1141.13
20180629;1141.19
20180702;1141.52
20180703;1141.71
20180705;1142.02
20180706;1142.30
20180709;1142.81
20180710;1142.97
20180711;1143.05
20180712;1143.21
20180713;1143.52
20180716;1143.67
20180717;1143.75
20180718;1143.84
20180719;1143.83
20180720;1143.89
20180723;1144.29
20180724;1144.65
20180725;1144.68
20180726;1145.00
20180727;1145.22
20180730;1145.70
20180731;1145.97
20180801;1146.12
20180802;1146.35
20180803;1146.63
20180806;1147.00
20180807;1147.21
20180808;1147.42
20180809;1147.52
20180810;1147.45
20180813;1147.52
20180814;1147.71
20180815;1147.78
20180816;1147.81
20180817;1147.99
20180820;1148.33
20180821;1148.47
20180822;1148.64
20180823;1148.79
20180824;1148.92
20180827;1149.30
20180829;1149.41
20180830;1149.41
20180831;1149.41
20180904;1149.41
20180905;1149.48
20180906;1149.53
20180907;1149.56
20180910;1149.87
20180911;1150.10
20180912;1150.20
20180913;1150.29
20180914;1150.50
20180917;1150.85
20180918;1150.97
20180919;1151.04
20180920;1151.24
20180921;1151.17
20180924;1151.44
20180925;1151.64
20180926;1151.68
20180927;1151.72
20180928;1151.77
