date;MVMVS;MVMVSTR;MVMVSTRG
20091231;1000.00;1000.00;1000.00
20100104;1004.01;1004.01;1004.01
20100105;1014.74;1014.74;1014.74
20100106;1023.86;1023.86;1023.86
20100107;1020.82;1020.82;1020.82
20100108;1016.05;1016.46;1016.63
20100111;1020.18;1020.59;1020.76
20100112;1014.78;1015.19;1015.36
20100113;1009.88;1010.28;1010.46
20100114;1006.33;1006.74;1006.91
20100115;1006.63;1007.03;1007.21
20100118;1006.17;1006.57;1006.74
20100119;989.40;989.80;989.97
20100120;998.64;999.04;999.21
20100121;985.57;985.97;986.14
20100122;969.64;970.03;970.19
20100125;961.95;962.33;962.50
20100127;943.25;943.63;943.79
20100128;951.45;951.83;952.00
20100129;936.73;937.10;937.27
20100201;926.85;927.22;927.38
20100202;937.73;938.11;938.27
20100203;940.78;941.16;941.32
20100204;932.72;933.09;933.25
20100205;917.05;917.42;917.58
20100208;911.89;912.54;912.70
20100209;916.89;917.54;917.70
20100210;924.73;925.39;925.55
20100211;934.86;935.53;935.69
20100212;933.31;933.97;934.14
20100215;925.67;926.99;927.15
20100216;930.92;932.25;932.41
20100217;952.41;953.77;953.93
20100218;956.94;958.30;958.47
20100219;949.12;950.47;950.63
20100222;957.72;959.35;959.51
20100223;960.98;962.62;962.78
20100224;961.67;963.30;963.47
20100225;955.52;957.62;957.94
20100226;953.59;955.69;956.01
20100301;968.06;971.44;971.76
20100302;969.43;973.70;974.20
20100303;978.83;986.06;987.17
20100304;977.09;986.16;987.27
20100305;979.36;988.45;989.56
20100308;986.93;996.09;997.22
20100309;991.20;1001.31;1002.44
20100310;984.53;995.31;996.43
20100311;979.50;990.41;991.52
20100312;975.60;986.47;987.58
20100315;971.41;984.64;985.86
20100316;969.48;982.69;983.91
20100317;981.46;994.83;996.06
20100318;989.63;1003.12;1004.36
20100319;992.94;1006.47;1007.71
20100322;988.15;1001.62;1002.85
20100323;992.44;1005.96;1007.20
20100324;991.62;1005.13;1006.37
20100325;978.46;993.80;995.35
20100326;975.86;991.84;993.39
20100329;978.06;994.07;995.63
20100330;981.50;997.57;999.13
20100331;961.81;977.56;979.09
20100401;962.33;978.09;979.62
20100406;976.97;992.96;994.52
20100407;983.92;1000.03;1001.59
20100408;986.01;1002.16;1003.72
20100409;988.39;1004.58;1006.15
20100412;999.09;1015.45;1017.04
20100413;996.44;1012.76;1014.34
20100414;1001.03;1017.42;1019.01
20100415;1002.17;1018.58;1020.17
20100416;997.50;1013.83;1015.41
20100419;983.64;999.75;1001.31
20100420;983.44;999.55;1001.11
20100421;992.85;1009.11;1010.69
20100422;992.63;1008.89;1010.46
20100423;995.83;1012.24;1013.87
20100427;999.09;1015.56;1017.19
20100428;979.03;995.16;996.77
20100429;976.93;993.04;994.63
20100430;979.50;995.64;997.24
20100503;979.27;995.41;997.01
20100504;967.92;983.88;985.46
20100505;950.19;965.85;967.40
20100506;941.30;956.82;958.36
20100507;916.29;931.39;932.89
20100510;933.97;949.36;950.89
20100511;930.46;945.79;947.32
20100512;940.84;956.35;957.89
20100513;955.08;970.82;972.38
20100514;946.45;962.05;963.60
20100517;914.22;929.29;930.78
20100518;914.70;929.77;931.27
20100519;898.45;913.26;914.73
20100520;882.99;897.54;898.99
20100521;878.56;893.04;894.48
20100524;888.61;903.25;904.70
20100525;864.10;878.34;879.76
20100526;866.83;881.12;882.53
20100527;879.31;893.80;895.24
20100528;898.80;913.61;915.08
20100531;895.86;910.62;912.09
20100601;891.15;905.84;907.29
20100602;881.07;895.59;897.03
20100603;899.27;914.10;915.57
20100604;890.72;905.40;906.86
20100607;862.53;876.75;878.16
20100608;872.53;886.92;888.34
20100609;868.63;882.94;884.36
20100610;879.84;894.35;895.78
20100611;893.23;907.95;909.41
20100615;899.90;915.66;917.13
20100616;917.86;933.93;935.43
20100617;915.27;931.30;932.79
20100618;921.59;937.73;939.24
20100621;932.22;948.54;950.07
20100622;920.75;936.87;938.38
20100623;902.82;918.63;920.11
20100624;902.29;922.30;925.41
20100625;894.30;914.13;917.22
20100628;883.35;902.94;905.99
20100629;870.72;890.03;893.03
20100630;862.83;881.96;884.94
20100701;850.04;868.89;871.82
20100702;863.42;882.56;885.54
20100705;860.89;879.98;882.95
20100706;868.68;887.94;890.94
20100707;856.65;875.98;879.08
20100708;879.14;898.98;902.17
20100709;888.36;908.40;911.62
20100712;891.35;911.47;914.69
20100713;890.25;910.33;913.56
20100714;905.22;925.64;928.92
20100715;902.40;922.76;926.02
20100716;900.54;920.86;924.12
20100719;881.71;901.60;904.79
20100720;891.80;911.93;915.16
20100721;897.48;917.73;920.98
20100722;892.78;912.93;916.16
20100723;908.87;929.38;932.67
20100726;917.33;938.03;941.35
20100727;917.23;937.93;941.25
20100728;920.78;941.56;944.89
20100729;917.90;938.61;941.93
20100730;910.67;931.22;934.52
20100802;920.66;941.43;944.77
20100803;929.70;950.67;954.04
20100804;923.54;944.39;947.73
20100805;934.77;955.86;959.25
20100806;935.66;956.77;960.16
20100809;938.46;959.63;963.03
20100810;931.30;952.32;955.69
20100811;916.68;937.37;940.68
20100812;901.07;921.41;924.67
20100813;911.77;932.34;935.64
20100816;910.21;931.47;934.77
20100817;927.67;949.34;952.70
20100818;926.14;947.77;951.13
20100819;930.37;952.11;955.48
20100820;913.68;935.03;938.34
20100823;918.05;939.71;943.04
20100824;911.78;933.63;936.93
20100825;895.69;918.03;921.28
20100826;897.91;921.99;925.98
20100827;900.29;924.44;928.44
20100830;920.98;945.89;949.99
20100831;916.72;941.82;946.02
20100901;929.78;957.81;962.23
20100902;937.08;965.53;969.99
20100903;946.99;976.59;981.10
20100906;960.41;992.29;997.07
20100907;959.73;991.58;996.36
20100908;949.51;981.03;985.76
20100909;955.08;988.29;993.16
20100910;950.42;984.42;989.27
20100913;960.46;996.53;1001.44
20100914;970.68;1007.14;1012.10
20100915;979.87;1016.67;1021.68
20100916;973.60;1010.91;1015.89
20100917;977.68;1015.15;1020.15
20100920;978.85;1016.36;1021.37
20100921;975.28;1012.84;1017.83
20100922;980.53;1018.30;1023.31
20100923;975.44;1013.01;1018.00
20100924;968.95;1007.33;1012.52
20100927;984.47;1023.46;1028.74
20100928;988.00;1027.13;1032.42
20100929;984.92;1023.93;1029.21
20100930;975.40;1014.03;1019.26
20101001;969.24;1008.00;1013.20
20101004;974.06;1013.01;1018.24
20101005;973.17;1012.48;1017.70
20101006;986.78;1026.65;1031.94
20101007;989.65;1029.63;1034.94
20101008;986.64;1026.50;1031.79
20101011;991.15;1031.38;1036.75
20101012;976.32;1015.94;1021.23
20101013;979.01;1018.75;1024.05
20101014;988.54;1028.80;1034.15
20101015;986.72;1026.91;1032.25
20101018;985.00;1025.12;1030.45
20101019;986.39;1026.56;1031.90
20101020;984.01;1024.09;1029.42
20101021;989.57;1029.87;1035.23
20101022;991.94;1032.34;1037.71
20101025;1003.42;1044.29;1049.73
20101026;1002.61;1043.44;1048.87
20101027;989.79;1030.10;1035.46
20101028;996.97;1038.38;1044.42
20101029;993.78;1035.05;1041.06
20101101;1003.72;1045.41;1051.49
20101102;999.30;1040.81;1046.86
20101103;1004.68;1046.40;1052.48
20101104;1009.95;1051.90;1058.01
20101105;1018.31;1060.60;1066.77
20101108;1016.60;1058.83;1064.98
20101109;1012.79;1054.85;1060.98
20101110;1002.50;1044.13;1050.20
20101111;1002.79;1044.44;1050.51
20101112;997.81;1039.25;1045.29
20101115;997.06;1038.47;1044.50
20101116;999.61;1041.12;1047.17
20101117;982.33;1023.13;1029.07
20101118;981.28;1022.03;1027.97
20101119;984.37;1025.25;1031.21
20101122;991.16;1032.33;1038.33
20101123;976.61;1017.17;1023.08
20101124;975.65;1016.17;1022.08
20101125;971.64;1011.99;1017.87
20101126;969.61;1009.88;1015.75
20101129;969.77;1010.05;1015.92
20101130;968.14;1008.35;1014.21
20101201;960.27;1000.66;1006.47
20101202;975.22;1016.23;1022.14
20101203;977.13;1018.22;1024.13
20101206;984.07;1025.46;1031.42
20101207;990.91;1032.58;1038.58
20101208;987.45;1028.97;1034.95
20101209;990.95;1032.62;1038.62
20101210;988.20;1029.75;1035.74
20101213;987.10;1028.62;1034.59
20101214;990.97;1032.65;1038.65
20101215;994.18;1035.99;1042.01
20101216;997.78;1039.74;1045.78
20101217;999.36;1041.39;1047.44
20101220;989.59;1031.20;1037.20
20101221;991.33;1033.02;1039.02
20101222;992.39;1034.13;1040.14
20101223;994.47;1040.46;1048.09
20101224;989.40;1035.15;1042.74
20101229;994.55;1040.54;1048.17
20101230;997.59;1043.73;1051.38
20101231;992.19;1038.08;1045.69
20110104;989.44;1035.20;1042.78
20110105;984.08;1029.59;1037.14
20110106;985.59;1031.17;1038.73
20110107;986.63;1032.26;1039.83
20110110;985.43;1031.01;1038.56
20110111;985.92;1031.52;1039.08
20110112;988.88;1034.61;1042.19
20110113;1005.52;1052.02;1059.73
20110114;1007.29;1054.20;1062.06
20110117;1000.99;1047.60;1055.42
20110118;1004.26;1051.03;1058.87
20110119;1013.92;1061.14;1069.06
20110120;1012.54;1059.69;1067.60
20110121;1003.90;1050.66;1058.50
20110124;1009.15;1056.14;1064.02
20110125;1014.14;1061.37;1069.29
20110127;1004.36;1051.14;1058.98
20110128;991.44;1037.61;1045.35
20110131;985.53;1031.42;1039.12
20110201;986.48;1032.42;1040.12
20110202;998.92;1045.44;1053.24
20110203;1001.33;1047.96;1055.78
20110204;1012.77;1059.93;1067.84
20110207;1012.38;1059.53;1067.43
20110208;1012.78;1060.43;1068.34
20110209;1013.84;1061.54;1069.47
20110210;1005.07;1052.36;1060.22
20110211;999.68;1046.72;1054.53
20110214;1009.27;1057.38;1065.27
20110215;1008.56;1056.63;1064.52
20110216;1011.04;1059.23;1067.13
20110217;1012.88;1061.89;1069.92
20110218;1015.20;1064.54;1072.58
20110221;1009.97;1059.05;1067.06
20110222;1002.15;1051.18;1059.22
20110223;995.55;1045.26;1053.25
20110224;990.38;1040.06;1048.02
20110225;993.07;1043.11;1051.09
20110228;997.80;1048.35;1056.37
20110301;998.79;1049.39;1057.41
20110302;995.33;1046.80;1055.26
20110303;989.85;1044.70;1053.22
20110304;1004.31;1060.48;1069.27
20110307;989.83;1047.09;1055.81
20110308;987.19;1044.85;1053.65
20110309;978.27;1035.77;1044.49
20110310;964.30;1021.28;1029.88
20110311;955.65;1013.44;1021.97
20110314;947.76;1005.06;1013.53
20110315;927.02;983.07;991.35
20110316;934.53;991.04;999.38
20110317;931.35;987.67;995.98
20110318;953.11;1010.74;1019.25
20110321;954.72;1012.45;1020.97
20110322;958.46;1016.41;1024.97
20110323;951.65;1009.19;1017.69
20110324;964.38;1022.85;1031.46
20110325;976.33;1036.34;1045.28
20110328;976.30;1036.31;1045.25
20110329;977.87;1037.98;1046.93
20110330;989.58;1050.40;1059.47
20110331;990.04;1051.40;1060.47
20110401;996.01;1057.73;1066.86
20110404;1002.30;1064.42;1073.60
20110405;999.39;1061.32;1070.48
20110406;1000.34;1062.34;1071.50
20110407;1001.81;1063.90;1073.08
20110408;1009.93;1072.52;1081.77
20110411;1010.63;1073.80;1083.06
20110412;996.80;1059.10;1068.24
20110413;993.72;1055.98;1065.09
20110414;991.57;1053.70;1062.79
20110415;981.70;1043.21;1052.21
20110418;986.91;1048.75;1057.80
20110419;972.95;1033.91;1042.83
20110420;988.20;1050.12;1059.18
20110421;1002.13;1064.92;1074.11
20110427;991.79;1053.93;1063.02
20110428;988.64;1050.58;1059.65
20110429;978.24;1039.54;1048.51
20110502;973.12;1034.10;1043.02
20110503;965.50;1025.99;1034.84
20110504;959.46;1019.57;1028.37
20110505;959.04;1019.13;1027.92
20110506;959.27;1019.38;1028.17
20110509;964.48;1024.91;1033.75
20110510;956.88;1016.84;1025.61
20110511;972.76;1033.71;1042.63
20110512;956.85;1016.80;1025.58
20110513;957.58;1017.58;1026.36
20110516;945.43;1004.67;1013.34
20110517;949.99;1009.51;1018.22
20110518;953.15;1012.87;1021.61
20110519;965.38;1025.87;1034.72
20110520;962.60;1022.92;1031.74
20110523;950.08;1010.00;1018.72
20110524;944.61;1004.19;1012.86
20110525;937.38;996.51;1005.11
20110526;954.56;1014.77;1023.53
20110527;957.91;1018.33;1027.12
20110530;957.30;1017.68;1026.46
20110531;965.90;1026.83;1035.69
20110601;966.21;1027.16;1036.02
20110602;945.19;1004.81;1013.48
20110603;944.89;1004.48;1013.15
20110606;939.10;998.33;1006.94
20110607;939.91;999.20;1007.82
20110608;932.13;990.92;999.47
20110609;936.47;995.54;1004.13
20110610;941.19;1000.55;1009.18
20110614;942.40;1001.84;1010.49
20110615;944.70;1004.28;1012.95
20110616;927.12;985.60;994.10
20110617;932.88;991.72;1000.27
20110620;925.27;983.63;992.11
20110621;934.51;993.45;1002.02
20110622;938.79;998.00;1006.61
20110623;931.38;990.13;998.67
20110624;925.91;988.18;998.26
20110627;912.74;974.12;984.05
20110628;909.53;970.70;980.59
20110629;917.95;979.68;989.67
20110630;937.57;1000.62;1010.82
20110701;934.07;997.63;1007.80
20110704;939.34;1003.26;1013.49
20110705;933.22;996.72;1006.88
20110706;936.33;1000.05;1010.24
20110707;938.14;1002.30;1012.66
20110708;952.15;1017.26;1027.77
20110711;938.63;1002.82;1013.19
20110712;918.49;981.30;991.45
20110713;923.64;986.80;997.00
20110714;920.30;983.24;993.40
20110715;919.47;982.35;992.50
20110718;917.26;979.99;990.12
20110719;914.60;977.15;987.25
20110720;927.68;991.12;1001.37
20110721;928.92;992.45;1002.71
20110722;943.55;1008.08;1018.50
20110725;930.17;993.78;1004.05
20110726;943.34;1007.86;1018.27
20110727;937.15;1001.24;1011.59
20110728;922.23;985.30;995.48
20110729;912.18;974.57;984.64
20110801;928.57;992.07;1002.33
20110802;918.50;981.31;991.45
20110803;900.41;961.99;971.93
20110804;887.86;948.58;958.39
20110805;856.48;915.06;924.51
20110808;830.04;886.81;895.97
20110809;829.92;886.68;895.84
20110810;839.67;897.10;906.37
20110811;839.38;897.49;906.76
20110812;847.52;906.19;915.56
20110815;872.91;934.15;943.80
20110816;872.72;933.94;943.59
20110817;890.21;952.66;962.51
20110818;878.84;940.49;950.21
20110819;846.63;906.02;915.38
20110822;843.38;902.55;911.87
20110823;863.23;924.35;934.03
20110824;862.84;925.35;935.05
20110825;869.86;932.98;942.76
20110826;874.04;937.47;947.29
20110829;888.38;954.31;964.31
20110830;892.25;958.80;968.84
20110831;897.77;966.42;976.85
20110901;894.72;964.56;974.98
20110902;877.61;946.13;956.35
20110905;862.70;931.49;941.55
20110906;849.60;917.55;927.50
20110907;867.37;936.73;946.90
20110908;873.13;942.96;953.19
20110909;878.09;948.77;959.08
20110912;847.85;917.79;927.95
20110913;855.33;925.88;936.13
20110914;841.36;910.76;920.84
20110915;855.62;927.26;937.68
20110916;865.77;938.82;949.36
20110919;849.94;921.66;932.01
20110920;843.93;915.19;925.47
20110921;847.77;919.35;929.68
20110922;829.72;899.78;909.89
20110923;812.00;881.09;890.98
20110926;791.65;860.25;870.10
20110927;812.70;883.13;893.25
20110928;820.28;891.36;901.57
20110929;815.31;885.97;896.12
20110930;812.26;882.98;893.10
20111003;790.17;858.97;868.81
20111004;788.79;857.83;867.66
20111005;804.25;874.65;884.67
20111006;831.17;903.92;914.27
20111007;849.76;924.14;934.73
20111010;855.09;930.06;940.72
20111011;863.91;939.74;950.51
20111012;857.70;933.14;943.83
20111013;866.06;942.66;953.46
20111014;858.00;933.89;944.59
20111017;874.35;951.68;962.59
20111018;853.58;929.08;939.73
20111019;860.15;936.24;946.96
20111020;848.13;923.15;933.72
20111021;846.70;921.59;932.15
20111024;871.54;948.62;959.49
20111025;862.45;938.73;949.49
20111026;862.22;938.49;949.24
20111027;880.70;958.60;969.58
20111028;882.22;960.25;971.25
20111031;873.20;950.43;961.32
20111101;855.17;930.81;941.47
20111102;850.41;925.63;936.23
20111103;845.43;920.20;930.75
20111104;868.29;945.09;955.92
20111107;871.28;948.34;959.21
20111108;874.48;951.83;962.73
20111109;885.75;964.09;975.13
20111110;867.22;944.30;955.12
20111111;879.38;957.54;968.51
20111114;886.58;965.39;976.45
20111115;881.00;959.31;970.30
20111116;872.80;950.38;961.27
20111117;876.67;954.59;965.53
20111118;864.13;940.94;951.72
20111121;863.09;940.17;950.94
20111122;857.15;933.70;944.40
20111123;841.50;916.65;927.15
20111124;839.53;914.50;924.98
20111125;833.54;907.98;918.38
20111128;842.77;918.04;928.55
20111129;850.34;926.29;936.90
20111130;852.28;928.39;939.03
20111201;869.73;948.12;958.98
20111202;883.07;962.66;973.69
20111205;887.88;967.90;978.99
20111206;874.51;953.33;964.25
20111207;881.71;961.18;972.19
20111208;876.07;955.03;965.97
20111209;864.73;942.66;953.46
20111212;874.85;953.69;964.62
20111213;862.91;940.68;951.46
20111214;863.66;941.50;952.28
20111215;856.52;933.71;944.41
20111216;865.04;943.01;953.81
20111219;836.38;911.76;922.21
20111220;835.50;910.80;921.23
20111221;851.97;928.76;939.40
20111222;832.11;910.80;922.72
20111223;845.31;925.25;937.36
20111228;833.66;912.50;924.44
20111229;824.76;902.76;914.58
20111230;825.05;903.07;914.89
20120103;835.49;914.50;926.47
20120104;847.27;927.39;939.53
20120105;840.49;919.98;932.02
20120106;835.09;914.07;926.03
20120109;832.61;911.35;923.28
20120110;839.23;918.60;930.62
20120111;848.75;929.02;941.18
20120112;851.47;932.00;944.20
20120113;854.77;935.61;947.86
20120116;844.69;924.57;936.68
20120117;860.03;941.37;953.69
20120118;863.67;945.35;957.72
20120119;870.21;952.51;964.98
20120120;878.80;962.21;974.93
20120123;877.53;960.81;973.52
20120124;871.47;954.18;966.80
20120125;875.59;958.69;971.37
20120127;881.97;965.67;978.44
20120130;881.49;965.15;977.92
20120131;877.54;960.82;973.53
20120201;875.40;958.48;971.15
20120202;884.74;968.71;981.52
20120203;886.05;970.15;982.98
20120206;898.15;983.39;996.40
20120207;893.79;978.62;991.56
20120208;901.33;986.87;999.92
20120209;902.49;988.65;1001.73
20120210;899.49;985.36;998.39
20120213;905.69;992.83;1005.96
20120214;892.61;978.95;991.90
20120215;892.34;978.66;991.60
20120216;882.06;967.59;980.47
20120217;893.48;980.32;993.38
20120220;906.31;994.40;1007.64
20120221;919.91;1009.31;1022.76
20120222;921.83;1011.43;1024.90
20120223;928.92;1019.70;1033.28
20120224;930.54;1022.99;1036.61
20120227;925.47;1019.07;1032.64
20120228;934.11;1028.64;1042.34
20120229;940.57;1036.68;1050.89
20120301;932.78;1028.48;1042.57
20120302;934.65;1031.32;1045.54
20120305;930.01;1028.53;1043.01
20120306;919.12;1016.55;1030.86
20120307;903.24;998.99;1013.05
20120308;911.40;1008.45;1022.69
20120309;919.54;1018.95;1033.37
20120312;919.86;1019.30;1033.73
20120313;934.52;1035.62;1050.30
20120314;944.79;1047.01;1061.85
20120315;946.56;1049.22;1064.17
20120316;950.23;1053.28;1068.29
20120319;957.31;1061.13;1076.24
20120320;947.09;1049.80;1064.76
20120321;948.75;1051.64;1066.63
20120322;949.58;1052.71;1067.71
20120323;948.17;1052.46;1067.46
20120326;944.92;1049.55;1064.57
20120327;953.01;1058.53;1073.68
20120328;957.96;1064.60;1079.84
20120329;952.83;1058.91;1074.06
20120330;955.30;1061.64;1076.84
20120402;953.88;1060.07;1075.25
20120403;957.17;1063.98;1079.30
20120404;952.87;1059.20;1074.45
20120405;945.19;1050.66;1065.79
20120410;937.06;1042.11;1057.12
20120411;921.80;1025.34;1040.10
20120412;933.42;1038.26;1053.21
20120413;945.77;1052.00;1067.15
20120416;940.68;1046.74;1061.81
20120417;938.67;1044.51;1059.55
20120418;956.27;1064.09;1079.41
20120419;961.80;1070.24;1085.65
20120420;964.11;1072.81;1088.26
20120423;956.54;1064.39;1079.72
20120424;951.05;1058.28;1073.52
20120426;953.57;1061.08;1076.36
20120427;950.28;1057.42;1072.64
20120430;959.03;1067.16;1082.53
20120501;964.01;1072.70;1088.15
20120502;960.68;1069.00;1084.39
20120503;955.38;1063.10;1078.40
20120504;945.83;1052.47;1067.62
20120507;916.76;1020.12;1034.81
20120508;922.01;1025.97;1040.74
20120509;904.24;1006.20;1020.69
20120510;913.47;1016.47;1031.10
20120511;913.31;1016.29;1030.92
20120514;913.32;1016.30;1030.93
20120515;899.45;1000.86;1015.27
20120516;878.02;977.02;991.09
20120517;882.85;982.39;996.54
20120518;862.51;959.76;973.58
20120521;863.99;961.82;975.67
20120522;881.99;981.86;995.99
20120523;866.92;965.08;978.97
20120524;858.32;955.51;969.27
20120525;855.81;952.71;966.43
20120528;864.21;962.06;975.92
20120529;872.99;971.83;985.83
20120530;871.73;970.43;984.40
20120531;880.43;980.11;994.22
20120601;865.77;963.80;977.68
20120604;839.74;934.82;948.28
20120605;859.44;956.75;970.52
20120606;866.47;964.57;978.46
20120607;876.97;976.90;990.97
20120608;864.34;962.83;976.70
20120612;865.68;964.33;978.21
20120613;862.25;960.51;974.34
20120614;858.96;956.84;970.61
20120615;863.54;961.94;975.79
20120618;877.81;977.84;991.92
20120619;869.76;968.87;982.82
20120620;869.13;968.17;982.12
20120621;859.07;956.96;970.74
20120622;847.80;944.41;958.00
20120625;834.76;933.20;948.11
20120626;828.24;925.91;940.70
20120627;832.66;930.85;945.72
20120628;834.14;932.51;947.41
20120629;852.41;952.93;968.16
20120702;861.43;963.79;979.18
20120703;858.85;960.90;976.25
20120704;871.78;975.37;990.95
20120705;870.04;973.42;988.97
20120706;867.01;970.41;986.07
20120709;855.29;957.29;972.74
20120710;847.53;948.60;963.92
20120711;842.38;942.83;958.06
20120712;837.57;937.45;952.59
20120713;840.41;940.63;955.82
20120716;846.22;947.14;962.43
20120717;852.18;953.81;969.21
20120718;847.11;948.13;963.44
20120719;862.18;965.00;980.58
20120720;867.04;970.44;986.11
20120723;844.65;945.38;960.64
20120724;841.85;942.24;957.46
20120725;837.12;936.95;952.07
20120726;844.41;945.11;960.37
20120727;855.77;957.83;973.30
20120730;864.02;967.06;982.67
20120731;866.74;970.10;985.77
20120801;865.30;968.50;984.14
20120802;872.14;976.15;991.91
20120803;859.97;962.53;978.07
20120806;873.90;978.12;993.91
20120807;878.51;983.28;999.15
20120808;886.86;992.62;1008.65
20120809;887.24;993.05;1009.08
20120810;889.11;995.15;1011.21
20120813;895.00;1003.22;1019.42
20120814;897.19;1006.32;1022.56
20120815;896.15;1005.16;1021.38
20120816;907.73;1018.14;1034.57
20120817;922.69;1034.91;1051.62
20120820;924.55;1037.41;1054.16
20120821;928.60;1042.23;1059.05
20120822;921.30;1034.04;1050.73
20120823;917.24;1029.58;1046.20
20120824;915.64;1028.35;1044.95
20120827;919.66;1033.54;1050.23
20120828;919.53;1034.37;1051.07
20120829;916.13;1030.54;1047.18
20120830;899.29;1011.90;1028.27
20120831;889.31;1000.84;1017.03
20120903;889.26;1001.80;1018.00
20120904;886.69;998.91;1015.06
20120905;876.64;988.27;1004.26
20120906;892.20;1006.25;1022.53
20120907;902.99;1018.83;1035.31
20120910;901.96;1021.33;1038.27
20120911;899.26;1018.33;1035.26
20120912;902.53;1022.08;1039.07
20120913;894.29;1013.19;1030.22
20120914;914.91;1036.55;1053.98
20120917;911.61;1032.97;1050.38
20120918;905.34;1025.86;1043.15
20120919;909.34;1030.40;1047.76
20120920;902.72;1022.89;1040.13
20120921;902.84;1024.51;1041.78
20120924;897.25;1020.02;1037.21
20120925;892.62;1014.76;1031.86
20120926;887.13;1009.06;1026.07
20120927;888.95;1011.14;1028.17
20120928;890.07;1013.00;1030.07
20121001;890.87;1013.91;1031.00
20121002;905.44;1030.83;1048.20
20121003;907.99;1033.74;1051.16
20121004;909.23;1035.54;1052.99
20121005;917.34;1044.77;1062.37
20121008;913.61;1040.99;1058.53
20121009;916.45;1044.22;1061.82
20121010;911.87;1039.20;1056.71
20121011;911.31;1038.55;1056.05
20121012;911.70;1039.00;1056.51
20121015;907.46;1034.16;1051.59
20121016;908.65;1035.53;1052.98
20121017;918.05;1046.24;1063.87
20121018;921.71;1050.41;1068.11
20121019;925.90;1055.18;1072.96
20121022;939.68;1070.89;1088.93
20121023;938.83;1069.92;1087.95
20121024;931.39;1061.44;1079.33
20121025;934.20;1064.64;1082.58
20121026;922.11;1050.86;1068.57
20121029;926.02;1055.31;1073.10
20121030;925.37;1054.58;1072.35
20121031;937.05;1067.89;1085.88
20121101;923.71;1052.69;1070.43
20121102;927.45;1056.95;1074.76
20121105;923.84;1052.83;1070.57
20121106;924.55;1053.64;1071.39
20121107;928.34;1057.97;1075.79
20121108;925.74;1055.00;1072.77
20121109;925.71;1054.96;1072.74
20121112;926.49;1055.85;1073.65
20121113;912.40;1039.80;1057.32
20121114;913.02;1040.50;1058.04
20121115;909.29;1036.25;1053.71
20121116;912.75;1040.19;1057.72
20121119;920.30;1048.79;1066.47
20121120;924.60;1053.87;1071.71
20121121;917.59;1045.89;1063.59
20121122;927.24;1056.88;1074.77
20121123;922.49;1051.47;1069.27
20121126;929.30;1059.65;1077.58
20121127;934.11;1066.19;1084.24
20121128;923.74;1054.35;1072.20
20121129;927.12;1058.22;1076.13
20121130;929.66;1061.11;1079.07
20121203;934.57;1066.71;1084.77
20121204;928.06;1059.29;1077.22
20121205;935.19;1067.43;1085.49
20121206;929.35;1060.75;1078.71
20121207;938.30;1070.98;1089.10
20121210;939.22;1072.02;1090.17
20121211;949.24;1083.46;1101.79
20121212;960.86;1096.73;1115.29
20121213;964.33;1100.69;1119.31
20121214;966.17;1102.79;1121.45
20121217;971.83;1109.25;1128.02
20121218;976.36;1114.41;1133.27
20121219;980.40;1119.03;1137.97
20121220;980.43;1119.07;1138.01
20121221;973.10;1113.79;1133.98
20121224;973.97;1114.79;1135.00
20121227;983.95;1126.21;1146.62
20121228;992.30;1135.76;1156.35
20121231;988.67;1131.61;1152.12
20130102;1009.12;1155.02;1175.96
20130103;1020.67;1168.24;1189.41
20130104;1009.96;1155.98;1176.93
20130107;1009.29;1155.21;1176.15
20130108;1001.71;1146.54;1167.32
20130109;1006.02;1151.46;1172.33
20130110;1006.57;1152.10;1172.98
20130111;1007.58;1153.25;1174.15
20130114;1011.43;1157.66;1178.64
20130115;1007.78;1153.49;1174.39
20130116;1014.51;1161.19;1182.23
20130117;1013.56;1160.10;1181.12
20130118;1016.47;1163.43;1184.52
20130121;1017.97;1165.14;1186.26
20130122;1014.64;1161.70;1182.91
20130123;1016.04;1163.31;1184.55
20130124;1021.84;1169.95;1191.31
20130125;1032.68;1182.35;1203.94
20130129;1043.05;1194.23;1216.04
20130130;1037.43;1187.79;1209.49
20130131;1035.82;1185.95;1207.61
20130201;1044.88;1196.32;1218.17
20130204;1039.98;1190.71;1212.46
20130205;1029.64;1178.88;1200.41
20130206;1044.53;1195.92;1217.76
20130207;1042.71;1193.84;1215.64
20130208;1053.64;1206.35;1228.38
20130211;1054.95;1207.85;1229.91
20130212;1066.51;1221.09;1243.39
20130213;1071.03;1226.26;1248.66
20130214;1076.35;1232.80;1255.32
20130215;1072.88;1230.02;1252.49
20130218;1075.56;1233.85;1256.39
20130219;1077.56;1236.36;1258.94
20130220;1070.04;1227.73;1250.16
20130221;1042.47;1196.18;1218.03
20130222;1060.57;1217.90;1240.14
20130225;1074.29;1234.79;1257.34
20130226;1066.76;1226.33;1248.73
20130227;1066.25;1226.09;1248.49
20130228;1076.53;1238.37;1260.99
20130301;1065.80;1226.03;1248.42
20130304;1053.31;1213.56;1235.90
20130305;1063.69;1226.40;1249.00
20130306;1075.43;1240.42;1263.28
20130307;1071.07;1236.44;1259.22
20130308;1079.71;1248.66;1271.75
20130311;1084.09;1253.73;1276.92
20130312;1077.22;1245.78;1268.82
20130313;1068.94;1236.25;1259.11
20130314;1062.82;1229.45;1252.22
20130315;1081.46;1251.01;1274.17
20130318;1063.08;1230.89;1253.74
20130319;1064.54;1233.12;1256.00
20130320;1058.60;1226.24;1248.99
20130321;1064.48;1233.98;1256.95
20130322;1060.94;1232.18;1255.10
20130325;1059.87;1230.94;1253.84
20130326;1056.81;1227.38;1250.22
20130327;1065.26;1237.20;1260.22
20130328;1054.06;1224.19;1246.97
20130402;1052.53;1223.16;1245.97
20130403;1045.25;1214.71;1237.37
20130404;1029.19;1196.03;1218.35
20130405;1034.18;1203.05;1225.49
20130408;1042.23;1212.60;1235.22
20130409;1054.49;1226.87;1249.75
20130410;1055.73;1228.88;1251.80
20130411;1062.11;1236.48;1259.58
20130412;1058.00;1231.70;1254.71
20130415;1037.98;1208.77;1231.35
20130416;1029.73;1199.15;1221.55
20130417;1035.91;1206.35;1228.88
20130418;1014.78;1181.74;1203.82
20130419;1027.22;1196.23;1218.58
20130422;1030.79;1200.39;1222.81
20130423;1031.89;1201.67;1224.12
20130424;1048.01;1220.44;1243.24
20130426;1047.49;1219.84;1242.62
20130429;1050.84;1223.74;1246.60
20130430;1049.86;1222.60;1245.44
20130501;1046.72;1218.94;1241.71
20130502;1031.61;1201.34;1223.78
20130503;1036.01;1206.47;1229.00
20130506;1043.98;1215.74;1238.45
20130507;1050.70;1223.57;1246.43
20130508;1067.95;1243.66;1266.89
20130509;1075.59;1252.56;1275.96
20130510;1079.07;1256.62;1280.09
20130513;1074.74;1251.57;1274.95
20130514;1076.02;1253.06;1276.46
20130515;1061.87;1236.58;1259.68
20130516;1038.74;1209.65;1240.51
20130517;1040.27;1211.43;1242.34
20130520;1044.24;1216.68;1247.72
20130521;1034.23;1205.01;1235.75
20130522;1025.20;1194.49;1224.97
20130523;1001.71;1167.12;1196.90
20130524;985.05;1147.71;1176.99
20130527;972.86;1133.50;1162.42
20130528;976.53;1137.78;1166.81
20130529;990.32;1153.85;1183.29
20130530;980.82;1142.78;1171.94
20130531;987.25;1150.27;1179.62
20130603;970.60;1130.87;1159.73
20130604;973.05;1133.73;1162.66
20130605;966.55;1126.15;1154.89
20130606;947.68;1104.33;1132.58
20130607;940.39;1095.83;1123.86
20130611;945.54;1101.83;1130.01
20130612;934.66;1089.15;1117.01
20130613;919.91;1071.96;1099.38
20130614;939.96;1095.32;1123.34
20130617;936.26;1091.01;1118.92
20130618;933.31;1087.58;1115.40
20130619;953.99;1111.68;1140.12
20130620;932.24;1086.34;1114.13
20130621;931.09;1084.99;1112.75
20130624;912.25;1065.81;1094.29
20130625;903.74;1055.87;1084.07
20130626;921.75;1076.92;1105.69
20130627;938.18;1096.11;1125.39
20130628;933.66;1090.83;1119.97
20130701;916.80;1071.13;1099.75
20130702;946.03;1105.28;1134.81
20130703;934.39;1091.68;1120.84
20130704;949.36;1109.17;1138.80
20130705;964.19;1126.78;1157.00
20130708;956.27;1117.52;1147.50
20130709;974.18;1138.45;1168.99
20130710;973.38;1137.52;1168.03
20130711;989.48;1156.33;1187.35
20130712;996.71;1164.78;1196.03
20130715;996.26;1164.26;1195.49
20130716;987.44;1153.94;1184.90
20130717;992.48;1159.84;1190.95
20130718;991.05;1158.16;1189.23
20130719;990.95;1158.05;1189.11
20130722;1002.65;1171.73;1203.16
20130723;1004.36;1173.72;1205.20
20130724;1004.78;1174.21;1205.71
20130725;987.89;1154.48;1185.45
20130726;988.22;1154.87;1185.84
20130729;987.73;1154.29;1185.25
20130730;988.11;1154.74;1185.71
20130731;991.93;1159.20;1190.29
20130801;995.28;1163.11;1194.31
20130802;1005.50;1175.05;1206.57
20130805;1008.92;1179.06;1210.68
20130806;1009.18;1179.36;1210.99
20130807;988.30;1154.95;1185.93
20130808;998.95;1167.40;1198.72
20130809;997.93;1166.21;1197.49
20130812;1018.10;1189.97;1221.89
20130813;1039.40;1215.16;1247.76
20130814;1040.68;1217.82;1250.50
20130815;1039.09;1215.96;1248.59
20130816;1032.57;1208.33;1240.75
20130819;1040.77;1218.96;1251.71
20130820;1037.57;1215.51;1248.17
20130821;1041.93;1220.71;1253.51
20130822;1038.32;1216.48;1249.17
20130823;1050.59;1230.86;1263.93
20130826;1047.44;1228.10;1261.10
20130827;1044.39;1224.74;1257.64
20130828;1028.90;1207.33;1239.77
20130829;1029.44;1207.98;1240.45
20130830;1037.75;1217.91;1250.73
20130902;1057.13;1242.41;1276.02
20130903;1060.44;1247.21;1281.04
20130904;1062.05;1249.29;1283.20
20130905;1064.81;1253.36;1287.47
20130906;1063.58;1252.54;1286.63
20130909;1068.24;1261.10;1295.64
20130910;1073.49;1267.67;1302.39
20130911;1076.56;1271.35;1306.19
20130912;1076.41;1271.18;1306.02
20130913;1067.41;1260.84;1295.39
20130916;1074.21;1269.78;1304.58
20130917;1070.24;1265.66;1300.41
20130918;1061.45;1256.06;1290.56
20130919;1084.25;1283.04;1318.28
20130920;1076.48;1274.17;1309.16
20130923;1068.36;1266.12;1301.10
20130924;1067.70;1266.26;1301.24
20130925;1073.50;1273.13;1308.31
20130926;1075.45;1275.44;1310.68
20130927;1080.47;1281.40;1316.80
20130930;1063.85;1262.38;1297.26
20131001;1064.64;1263.32;1298.22
20131002;1065.27;1264.07;1298.99
20131003;1067.15;1267.16;1302.17
20131004;1058.98;1257.87;1292.62
20131007;1040.78;1236.25;1270.41
20131008;1038.15;1233.13;1267.20
20131009;1040.35;1235.98;1270.12
20131010;1038.86;1234.20;1268.30
20131011;1062.24;1261.98;1296.85
20131014;1049.88;1247.48;1281.94
20131015;1062.31;1262.25;1297.12
20131016;1062.40;1262.35;1297.23
20131017;1064.74;1265.13;1300.08
20131018;1079.20;1282.32;1317.75
20131021;1090.79;1296.08;1331.89
20131022;1098.50;1305.25;1341.31
20131023;1097.27;1303.78;1339.81
20131024;1095.91;1302.16;1338.14
20131025;1094.46;1300.45;1336.38
20131028;1099.17;1306.04;1342.12
20131029;1084.68;1288.83;1324.44
20131030;1088.72;1293.63;1329.37
20131031;1091.87;1297.37;1333.22
20131101;1085.74;1290.28;1325.93
20131104;1078.43;1281.60;1317.01
20131105;1090.52;1295.98;1331.78
20131106;1084.27;1288.55;1324.15
20131107;1087.54;1292.44;1328.14
20131108;1083.52;1287.65;1323.23
20131111;1082.02;1285.87;1321.40
20131112;1083.85;1288.04;1323.63
20131113;1070.83;1272.57;1307.73
20131114;1077.08;1280.00;1315.37
20131115;1087.76;1292.69;1328.41
20131118;1082.41;1286.34;1321.88
20131119;1075.14;1277.93;1313.34
20131120;1063.19;1263.72;1298.73
20131121;1051.51;1249.84;1284.47
20131122;1067.02;1268.78;1303.94
20131125;1073.46;1276.43;1311.80
20131126;1072.73;1275.58;1310.92
20131127;1057.32;1257.25;1292.09
20131128;1055.63;1255.24;1290.02
20131129;1051.03;1249.77;1284.40
20131202;1037.12;1233.23;1267.40
20131203;1033.28;1228.66;1262.71
20131204;1039.37;1235.91;1270.16
20131205;1025.80;1219.77;1253.57
20131206;1023.63;1217.19;1250.92
20131209;1022.06;1215.32;1248.99
20131210;1015.19;1207.15;1240.60
20131211;1009.64;1200.55;1233.81
20131212;1005.02;1195.05;1228.17
20131213;1014.39;1206.20;1239.63
20131216;1022.66;1216.03;1249.73
20131217;1023.43;1216.95;1250.67
20131218;1015.41;1207.42;1240.87
20131219;1037.73;1234.10;1268.30
20131220;1051.67;1250.68;1285.34
20131223;1057.77;1260.98;1297.26
20131224;1072.75;1278.83;1315.63
20131227;1071.47;1277.30;1314.06
20131230;1083.66;1291.84;1329.02
20131231;1083.97;1292.21;1329.40
20140102;1087.34;1296.22;1333.52
20140103;1077.32;1284.28;1321.24
20140106;1071.78;1277.68;1314.44
20140107;1069.26;1274.67;1311.35
20140108;1067.88;1273.02;1309.66
20140109;1071.84;1277.75;1314.52
20140110;1075.02;1281.54;1318.42
20140113;1069.09;1274.47;1311.14
20140114;1045.22;1246.01;1281.87
20140115;1055.71;1258.53;1294.74
20140116;1068.86;1274.19;1310.86
20140117;1056.89;1260.21;1296.59
20140120;1056.95;1260.28;1296.67
20140121;1069.62;1275.39;1312.21
20140122;1067.01;1272.27;1309.01
20140123;1048.75;1250.50;1286.61
20140124;1040.45;1240.61;1276.43
20140127;1040.45;1240.61;1276.43
20140128;1027.51;1225.18;1260.55
20140129;1045.08;1246.13;1282.11
20140130;1030.91;1229.23;1264.73
20140131;1038.49;1238.27;1274.03
20140203;1035.79;1235.05;1270.71
20140204;1019.56;1215.70;1250.80
20140205;1015.70;1211.10;1246.06
20140206;1027.00;1224.57;1259.93
20140207;1039.13;1239.04;1274.81
20140210;1046.47;1248.46;1284.50
20140211;1049.27;1251.79;1287.93
20140212;1065.51;1271.98;1308.71
20140213;1066.11;1272.70;1309.45
20140214;1079.71;1289.18;1326.40
20140217;1089.02;1300.60;1338.29
20140218;1085.72;1296.78;1334.36
20140219;1082.40;1292.81;1330.27
20140220;1093.54;1306.35;1344.31
20140221;1103.34;1318.05;1356.36
20140224;1108.16;1324.28;1362.77
20140225;1101.52;1317.19;1355.57
20140226;1101.35;1317.07;1355.45
20140227;1088.69;1302.28;1340.23
20140228;1090.72;1304.91;1343.02
20140303;1090.68;1305.94;1344.08
20140304;1093.81;1310.40;1348.77
20140305;1105.38;1325.23;1364.03
20140306;1107.48;1327.82;1366.70
20140307;1115.80;1342.79;1382.59
20140310;1105.37;1330.24;1369.67
20140311;1093.81;1316.33;1355.34
20140312;1082.78;1304.45;1343.17
20140313;1094.80;1319.34;1358.53
20140314;1071.68;1292.30;1330.68
20140317;1069.05;1290.41;1328.99
20140318;1075.12;1297.73;1336.53
20140319;1082.11;1306.17;1345.23
20140320;1066.17;1287.00;1325.48
20140321;1073.20;1295.49;1334.22
20140324;1073.69;1296.82;1335.60
20140325;1065.72;1288.33;1327.00
20140326;1073.49;1297.76;1336.71
20140327;1063.97;1286.54;1325.15
20140328;1069.27;1293.06;1331.87
20140331;1076.83;1302.33;1341.42
20140401;1070.00;1294.52;1333.37
20140402;1072.31;1297.31;1336.25
20140403;1074.16;1299.83;1338.84
20140404;1075.98;1302.94;1342.05
20140407;1068.62;1294.14;1332.98
20140408;1067.54;1292.83;1331.64
20140409;1085.29;1314.33;1353.77
20140410;1093.15;1324.03;1363.77
20140411;1079.45;1307.43;1346.67
20140414;1061.43;1285.61;1324.20
20140415;1068.07;1293.65;1332.48
20140416;1077.79;1305.43;1344.61
20140417;1085.78;1315.10;1354.57
20140421;1085.78;1315.10;1354.57
20140422;1086.35;1315.80;1355.29
20140423;1094.04;1325.11;1364.88
20140424;1100.62;1333.07;1373.08
20140425;1100.62;1333.07;1373.08
20140428;1089.31;1319.38;1358.98
20140429;1075.55;1302.71;1341.81
20140430;1080.99;1309.30;1348.59
20140501;1069.62;1295.53;1334.41
20140502;1066.15;1291.33;1330.09
20140505;1071.65;1297.99;1336.94
20140506;1076.66;1304.05;1343.19
20140507;1065.67;1290.75;1329.49
20140508;1071.38;1297.66;1336.61
20140509;1067.90;1293.45;1332.27
20140512;1067.87;1293.41;1332.22
20140513;1078.80;1306.65;1345.87
20140514;1086.05;1315.44;1354.92
20140515;1085.76;1315.08;1354.55
20140516;1076.77;1304.19;1343.33
20140519;1062.50;1286.91;1325.54
20140520;1062.21;1286.55;1325.16
20140521;1056.52;1279.66;1318.06
20140522;1070.45;1296.53;1335.44
20140523;1069.23;1295.05;1333.92
20140526;1078.07;1305.76;1344.95
20140527;1079.95;1308.04;1347.30
20140528;1087.46;1317.65;1357.19
20140529;1080.42;1309.12;1348.41
20140530;1076.01;1303.78;1342.91
20140602;1081.77;1310.75;1350.09
20140603;1068.24;1294.57;1333.53
20140604;1061.75;1286.76;1325.49
20140605;1059.41;1283.92;1322.57
20140606;1063.34;1288.68;1327.47
20140609;1063.34;1288.68;1327.47
20140610;1062.38;1287.52;1326.27
20140611;1053.75;1277.06;1315.51
20140612;1043.19;1264.26;1302.31
20140613;1037.20;1257.00;1294.84
20140616;1036.88;1256.61;1294.44
20140617;1041.22;1261.88;1299.86
20140618;1045.76;1267.38;1305.53
20140619;1058.49;1282.81;1321.42
20140620;1055.77;1279.50;1318.02
20140623;1062.30;1287.43;1326.18
20140624;1057.71;1281.86;1320.45
20140625;1054.76;1278.54;1317.03
20140626;1066.01;1295.26;1335.62
20140627;1057.91;1285.42;1325.47
20140630;1050.07;1275.90;1315.65
20140701;1052.41;1278.74;1318.58
20140702;1062.50;1291.00;1331.23
20140703;1070.40;1300.60;1341.12
20140704;1075.70;1307.33;1348.20
20140707;1073.65;1304.85;1345.63
20140708;1075.13;1306.64;1347.48
20140709;1059.07;1287.13;1327.36
20140710;1065.25;1294.64;1335.11
20140711;1063.67;1292.71;1333.12
20140714;1065.56;1295.01;1335.49
20140715;1064.16;1293.31;1333.74
20140716;1065.26;1295.06;1335.73
20140717;1070.08;1300.92;1341.77
20140718;1071.66;1302.84;1343.76
20140721;1072.91;1304.36;1345.32
20140722;1076.29;1308.47;1349.56
20140723;1084.94;1318.99;1360.41
20140724;1084.36;1318.28;1359.68
20140725;1079.72;1312.64;1353.86
20140728;1081.11;1314.33;1355.60
20140729;1083.22;1316.90;1358.25
20140730;1091.69;1327.19;1368.87
20140731;1091.80;1327.33;1369.01
20140801;1079.62;1312.52;1353.74
20140804;1078.62;1311.30;1352.48
20140805;1072.81;1304.25;1345.20
20140806;1069.96;1300.77;1341.62
20140807;1071.29;1302.39;1343.29
20140808;1059.05;1287.51;1327.94
20140811;1059.02;1287.48;1327.91
20140812;1079.65;1312.56;1353.78
20140813;1077.76;1310.26;1351.40
20140814;1084.51;1318.56;1360.01
20140815;1089.99;1326.01;1367.69
20140818;1093.24;1330.44;1372.36
20140819;1109.56;1350.30;1392.84
20140820;1114.17;1356.70;1399.44
20140821;1116.87;1359.98;1402.82
20140822;1119.60;1363.92;1406.89
20140825;1123.34;1368.48;1411.59
20140826;1129.92;1376.48;1419.85
20140827;1134.72;1382.33;1425.88
20140828;1127.49;1374.70;1418.01
20140829;1131.39;1379.65;1423.12
20140901;1132.15;1381.01;1424.52
20140902;1134.83;1384.48;1428.19
20140903;1135.93;1388.46;1432.30
20140904;1131.09;1382.72;1426.37
20140905;1122.82;1372.65;1416.01
20140908;1115.22;1363.93;1407.24
20140909;1122.86;1374.72;1418.46
20140910;1108.75;1361.17;1404.79
20140911;1095.84;1346.08;1389.27
20140912;1093.86;1343.91;1387.03
20140915;1082.81;1330.48;1373.17
20140916;1074.26;1320.17;1362.53
20140917;1071.69;1317.18;1359.45
20140918;1063.28;1307.00;1348.94
20140919;1066.35;1310.79;1352.85
20140922;1052.70;1295.46;1337.20
20140923;1061.09;1305.80;1347.87
20140924;1053.80;1297.06;1338.84
20140925;1053.48;1297.32;1339.12
20140926;1040.89;1282.87;1324.36
20140929;1032.25;1272.96;1314.19
20140930;1036.16;1277.97;1319.37
20141001;1043.50;1287.21;1328.90
20141002;1033.26;1274.58;1315.87
20141003;1033.04;1274.39;1315.67
20141006;1030.33;1271.05;1312.22
20141007;1025.37;1265.62;1306.62
20141008;1013.72;1251.63;1292.17
20141009;1026.49;1267.39;1308.44
20141010;1003.16;1238.59;1278.71
20141013;993.37;1226.51;1266.24
20141014;1006.55;1242.78;1283.04
20141015;1009.48;1246.49;1286.91
20141016;1005.25;1241.27;1281.52
20141017;1007.25;1243.75;1284.08
20141020;1017.13;1255.94;1296.67
20141021;1021.87;1261.80;1302.72
20141022;1037.89;1281.58;1323.13
20141023;1033.40;1276.04;1317.42
20141024;1039.36;1283.39;1325.01
20141027;1044.17;1289.33;1331.14
20141028;1036.83;1280.27;1321.79
20141029;1040.50;1284.80;1326.46
20141030;1036.11;1279.38;1320.87
20141031;1044.03;1289.16;1330.96
20141103;1037.50;1281.10;1322.64
20141104;1043.39;1288.37;1330.14
20141105;1039.98;1284.15;1325.79
20141106;1037.39;1281.15;1322.69
20141107;1045.34;1290.96;1332.83
20141110;1047.17;1293.23;1335.17
20141111;1043.93;1289.23;1331.04
20141112;1035.61;1278.95;1320.43
20141113;1032.23;1275.16;1316.69
20141114;1036.36;1280.26;1321.95
20141117;1029.98;1272.38;1313.81
20141118;1029.62;1271.93;1313.35
20141119;1022.72;1263.41;1304.55
20141120;1009.99;1247.69;1288.32
20141121;1006.32;1243.15;1283.63
20141124;1016.17;1255.31;1296.19
20141125;1006.43;1243.92;1284.43
20141126;1019.69;1260.32;1301.36
20141127;1015.04;1254.57;1295.42
20141128;1001.22;1237.48;1277.78
20141201;968.75;1197.35;1236.34
20141202;984.49;1216.81;1256.43
20141203;994.28;1228.97;1268.99
20141204;1001.08;1237.38;1277.67
20141205;1002.24;1238.81;1279.14
20141208;1008.22;1246.19;1286.77
20141209;984.46;1216.83;1256.45
20141210;983.13;1215.19;1254.76
20141211;975.55;1205.81;1245.08
20141212;974.63;1204.67;1243.90
20141215;966.33;1194.42;1233.31
20141216;963.20;1190.56;1229.32
20141217;966.57;1194.72;1233.62
20141218;974.91;1205.03;1244.27
20141219;1000.91;1237.16;1277.45
20141222;1023.72;1265.36;1306.57
20141223;1011.79;1250.93;1291.67
20141224;1011.92;1251.09;1291.83
20141226;1011.92;1251.09;1291.83
20141229;1033.36;1280.23;1322.99
20141230;1017.05;1260.02;1302.11
20141231;1019.85;1263.49;1305.69
20150102;1030.47;1276.66;1319.30
20150105;1037.72;1285.63;1328.57
20150106;1016.94;1259.90;1301.98
20150107;1013.68;1255.85;1297.80
20150108;1019.86;1263.51;1305.72
20150109;1038.88;1287.07;1330.06
20150112;1028.46;1274.17;1316.72
20150113;1024.42;1269.16;1311.55
20150114;1013.90;1256.13;1298.08
20150115;1005.46;1245.96;1287.71
20150116;993.18;1230.74;1271.98
20150119;996.36;1234.69;1276.06
20150120;997.48;1236.08;1277.49
20150121;1011.15;1253.01;1294.99
20150122;1008.64;1249.90;1291.78
20150123;1024.46;1269.50;1312.04
20150126;1024.46;1269.50;1312.04
20150127;1033.29;1280.44;1323.34
20150128;1031.63;1278.39;1321.22
20150129;1033.94;1281.25;1324.18
20150130;1038.91;1287.41;1330.55
20150202;1040.36;1289.21;1332.41
20150203;1056.41;1309.10;1352.96
20150204;1066.54;1321.65;1365.93
20150205;1075.91;1333.26;1377.93
20150206;1075.56;1332.83;1377.49
20150209;1072.65;1329.23;1373.76
20150210;1072.76;1329.36;1373.90
20150211;1072.34;1329.41;1373.95
20150212;1072.30;1329.37;1373.91
20150213;1090.19;1351.55;1396.83
20150216;1094.80;1357.26;1402.73
20150217;1087.95;1349.43;1394.64
20150218;1096.23;1359.95;1405.52
20150219;1093.01;1356.31;1401.75
20150220;1086.00;1347.60;1392.75
20150223;1090.30;1353.09;1398.43
20150224;1097.08;1361.51;1407.12
20150225;1113.86;1383.76;1430.15
20150226;1103.20;1370.89;1416.84
20150227;1110.85;1380.45;1426.73
20150302;1112.23;1382.66;1429.00
20150303;1111.21;1382.50;1428.88
20150304;1102.71;1373.22;1419.38
20150305;1103.65;1374.77;1420.98
20150306;1102.20;1372.96;1419.11
20150309;1083.23;1349.34;1394.70
20150310;1080.51;1347.76;1393.33
20150311;1075.83;1343.47;1389.03
20150312;1087.99;1359.28;1405.38
20150313;1094.88;1368.06;1414.50
20150316;1087.25;1360.13;1406.30
20150317;1074.64;1344.36;1389.99
20150318;1076.79;1347.92;1393.67
20150319;1089.55;1363.93;1410.23
20150320;1096.90;1373.44;1420.15
20150323;1097.39;1374.54;1421.30
20150324;1098.76;1376.72;1423.55
20150325;1098.96;1377.03;1423.87
20150326;1079.49;1353.13;1399.15
20150327;1087.47;1364.01;1410.53
20150330;1073.62;1346.93;1392.86
20150331;1082.59;1358.41;1404.74
20150401;1074.77;1349.23;1395.24
20150402;1088.86;1366.92;1413.54
20150406;1088.86;1366.92;1413.54
20150407;1083.55;1360.38;1406.83
20150408;1095.72;1375.79;1422.77
20150409;1093.59;1373.12;1420.00
20150410;1097.08;1377.50;1424.53
20150413;1097.07;1377.49;1424.52
20150414;1098.10;1378.79;1425.86
20150415;1083.34;1360.25;1406.70
20150416;1097.45;1377.96;1425.01
20150417;1081.68;1358.17;1404.55
20150420;1072.28;1346.36;1392.33
20150421;1081.19;1357.55;1403.90
20150422;1079.19;1355.17;1401.45
20150423;1077.63;1353.43;1399.65
20150424;1092.54;1372.15;1419.00
20150427;1103.95;1386.49;1433.83
20150428;1099.41;1380.78;1427.93
20150429;1087.51;1365.84;1412.47
20150430;1077.08;1352.74;1398.92
20150501;1083.07;1360.26;1406.71
20150504;1095.33;1375.66;1422.63
20150505;1098.70;1379.89;1427.01
20150506;1077.05;1352.70;1398.88
20150507;1065.68;1338.42;1384.12
20150508;1070.96;1345.06;1390.98
20150511;1074.64;1349.67;1395.76
20150512;1082.15;1359.11;1405.52
20150513;1092.85;1372.55;1419.42
20150514;1095.60;1376.00;1422.98
20150515;1107.26;1390.65;1438.13
20150518;1097.98;1378.99;1426.07
20150519;1088.90;1367.58;1414.28
20150520;1089.01;1367.73;1414.43
20150521;1099.75;1381.21;1428.37
20150522;1104.87;1387.64;1435.02
20150525;1109.08;1392.93;1440.49
20150526;1114.31;1399.49;1447.28
20150527;1109.75;1394.42;1442.04
20150528;1108.03;1392.26;1439.80
20150529;1114.32;1400.17;1447.98
20150601;1113.72;1399.49;1447.27
20150602;1093.19;1374.47;1421.40
20150603;1082.61;1361.23;1408.08
20150604;1064.85;1338.90;1384.98
20150605;1066.81;1341.36;1387.53
20150608;1066.81;1341.36;1387.53
20150609;1057.51;1329.68;1375.44
20150610;1059.47;1332.20;1378.05
20150611;1073.28;1349.56;1396.01
20150612;1070.33;1345.85;1392.17
20150615;1069.36;1344.64;1390.92
20150616;1060.32;1333.26;1379.15
20150617;1064.78;1338.88;1384.96
20150618;1050.01;1320.31;1365.75
20150619;1065.05;1339.22;1385.31
20150622;1061.75;1335.06;1381.01
20150623;1073.85;1350.28;1396.75
20150624;1067.32;1342.40;1388.61
20150625;1048.84;1319.16;1364.56
20150626;1033.25;1302.19;1348.17
20150629;1008.14;1270.55;1315.42
20150630;1011.44;1274.70;1319.72
20150701;1024.17;1290.74;1336.33
20150702;1036.30;1306.04;1352.16
20150703;1023.64;1290.08;1335.64
20150706;1007.17;1269.64;1314.63
20150707;1023.23;1289.89;1335.59
20150708;1003.03;1264.43;1309.22
20150709;1000.63;1261.40;1306.09
20150710;1001.78;1262.86;1307.60
20150713;998.93;1259.26;1303.88
20150714;1017.00;1282.04;1327.46
20150715;1024.49;1291.48;1337.24
20150716;1029.01;1297.17;1343.13
20150717;1030.75;1299.37;1345.41
20150720;1030.14;1298.60;1344.61
20150721;1035.84;1305.79;1352.05
20150722;1027.68;1295.51;1341.40
20150723;1031.68;1300.54;1346.62
20150724;1022.56;1289.04;1334.71
20150727;1024.01;1290.87;1336.60
20150728;1018.60;1284.06;1329.55
20150729;1026.28;1293.74;1339.58
20150730;1034.90;1304.61;1350.83
20150731;1040.92;1312.19;1358.68
20150803;1037.78;1308.23;1354.58
20150804;1041.96;1313.50;1360.03
20150805;1036.43;1306.53;1352.82
20150806;1028.83;1296.94;1342.89
20150807;1011.33;1274.89;1320.06
20150810;1018.55;1284.00;1329.49
20150811;1017.26;1282.36;1327.80
20150812;1000.51;1261.25;1305.94
20150813;1001.30;1262.25;1306.97
20150814;1002.65;1263.94;1308.72
20150817;1001.46;1263.46;1308.23
20150818;995.11;1256.30;1300.81
20150819;1001.04;1263.79;1308.56
20150820;994.25;1255.21;1299.68
20150821;984.38;1243.09;1287.20
20150824;949.24;1198.72;1241.25
20150825;968.64;1223.22;1266.62
20150826;968.15;1223.03;1266.42
20150827;983.21;1242.59;1286.80
20150828;990.78;1252.77;1297.34
20150831;988.36;1250.04;1294.55
20150901;964.11;1220.35;1263.81
20150902;960.11;1216.71;1260.04
20150903;941.39;1193.17;1235.70
20150904;946.75;1200.23;1243.02
20150907;948.66;1203.08;1245.97
20150908;960.85;1219.85;1263.34
20150909;976.04;1240.88;1285.17
20150910;957.32;1218.32;1261.80
20150911;957.18;1218.40;1261.89
20150914;960.51;1223.03;1266.68
20150915;952.25;1212.75;1256.03
20150916;961.58;1225.81;1269.56
20150917;971.13;1237.99;1282.18
20150918;977.10;1246.29;1291.01
20150921;958.46;1222.85;1266.74
20150922;962.23;1228.85;1272.95
20150923;951.62;1215.81;1259.49
20150924;967.21;1235.73;1280.13
20150925;965.88;1234.26;1278.60
20150928;979.19;1252.19;1297.30
20150929;951.27;1216.87;1260.71
20150930;967.38;1237.60;1282.19
20151001;985.75;1261.11;1306.54
20151002;977.10;1250.92;1295.99
20151005;997.63;1277.20;1323.21
20151006;992.67;1270.85;1316.63
20151007;993.88;1272.96;1318.82
20151008;991.05;1269.49;1315.22
20151009;1007.28;1290.27;1336.75
20151012;1001.98;1283.49;1329.73
20151013;990.03;1268.18;1313.87
20151014;989.59;1267.91;1313.59
20151015;998.33;1279.10;1325.18
20151016;1007.44;1290.78;1337.28
20151019;1004.83;1287.57;1333.96
20151020;1000.08;1281.49;1327.66
20151021;1007.57;1291.09;1337.60
20151022;1001.35;1283.12;1329.35
20151023;1027.72;1316.90;1364.34
20151026;1027.21;1316.26;1363.68
20151027;1022.32;1309.99;1357.19
20151028;1020.70;1307.92;1355.04
20151029;1017.86;1304.27;1351.26
20151030;1024.67;1313.00;1360.30
20151102;1017.30;1303.55;1350.52
20151103;1033.07;1323.76;1371.45
20151104;1035.79;1327.25;1375.07
20151105;1027.15;1316.25;1363.70
20151106;1031.31;1321.58;1369.22
20151109;1017.25;1303.56;1350.56
20151110;1010.03;1294.31;1340.97
20151111;1011.76;1296.53;1343.27
20151112;1011.44;1296.95;1343.71
20151113;998.80;1280.74;1326.92
20151116;990.13;1269.62;1315.40
20151117;1012.43;1298.22;1345.03
20151118;1016.77;1303.79;1350.79
20151119;1036.25;1328.77;1376.68
20151120;1039.39;1332.79;1380.84
20151123;1039.45;1332.86;1380.92
20151124;1025.37;1315.52;1362.94
20151125;1021.44;1310.48;1357.72
20151126;1020.49;1309.25;1356.45
20151127;1020.66;1309.47;1356.68
20151130;1016.65;1304.49;1351.52
20151201;1033.42;1326.02;1373.82
20151202;1026.06;1316.68;1364.15
20151203;1022.03;1311.52;1358.80
20151204;1006.38;1291.44;1338.00
20151207;1012.39;1299.15;1345.99
20151208;1006.90;1292.10;1338.68
20151209;1001.31;1284.92;1331.25
20151210;994.29;1275.92;1321.92
20151211;989.65;1269.97;1315.75
20151214;976.53;1253.13;1298.30
20151215;975.76;1252.14;1297.29
20151216;992.68;1274.21;1320.15
20151217;1007.50;1293.23;1339.85
20151218;1007.69;1293.47;1340.11
20151221;1006.03;1291.34;1337.90
20151222;1013.25;1300.61;1347.50
20151223;1014.60;1302.34;1349.29
20151224;1021.50;1311.20;1358.47
20151228;1021.50;1311.20;1358.47
20151229;1040.55;1338.08;1387.41
20151230;1048.38;1348.15;1397.85
20151231;1042.88;1341.08;1390.52
20160104;1045.02;1343.84;1393.37
20160105;1026.80;1320.66;1369.34
20160106;1014.03;1304.23;1352.30
20160107;997.62;1283.12;1330.42
20160108;991.05;1274.67;1321.65
20160111;982.18;1263.26;1309.82
20160112;974.65;1253.58;1299.79
20160113;985.16;1267.09;1313.80
20160114;968.67;1245.88;1291.81
20160115;964.15;1240.39;1286.26
20160118;962.55;1238.33;1284.12
20160119;974.97;1254.30;1300.68
20160120;966.43;1243.32;1289.29
20160121;973.83;1252.85;1299.17
20160122;983.90;1265.79;1312.59
20160125;998.79;1284.95;1332.46
20160126;998.79;1284.95;1332.46
20160127;993.37;1277.99;1325.24
20160128;995.22;1280.61;1327.96
20160129;997.27;1283.25;1330.69
20160201;1010.11;1299.76;1347.82
20160202;1000.88;1287.89;1335.51
20160203;979.09;1259.85;1306.43
20160204;990.24;1274.20;1321.32
20160205;990.33;1274.32;1321.44
20160208;987.18;1270.26;1317.23
20160209;969.42;1247.41;1293.54
20160210;955.57;1229.59;1275.05
20160211;969.18;1247.11;1293.22
20160212;958.32;1233.12;1278.72
20160215;971.12;1249.60;1295.80
20160216;991.93;1276.94;1324.16
20160217;987.66;1272.50;1319.55
20160218;1002.76;1291.95;1339.72
20160219;995.21;1282.22;1329.63
20160222;1003.30;1293.15;1340.97
20160223;1005.68;1296.23;1344.15
20160224;1001.07;1290.68;1338.40
20160225;1002.12;1292.14;1339.96
20160226;1003.30;1294.15;1342.04
20160229;1011.98;1306.07;1354.41
20160301;1017.04;1314.58;1363.40
20160302;1024.94;1325.85;1375.16
20160303;1038.00;1343.02;1392.97
20160304;1044.17;1351.68;1401.95
20160307;1044.67;1352.33;1402.62
20160308;1040.95;1348.58;1398.76
20160309;1043.33;1352.31;1402.68
20160310;1045.59;1355.76;1406.29
20160311;1048.14;1359.45;1410.12
20160314;1045.80;1356.41;1406.97
20160315;1032.11;1338.95;1388.94
20160316;1036.38;1344.62;1394.83
20160317;1050.04;1364.09;1415.18
20160318;1056.02;1372.64;1424.06
20160321;1057.72;1374.96;1426.47
20160322;1062.98;1382.38;1434.16
20160323;1055.85;1373.95;1425.41
20160324;1051.64;1368.46;1419.72
20160328;1051.64;1368.46;1419.72
20160329;1040.23;1353.62;1404.32
20160330;1044.77;1359.90;1410.96
20160331;1058.27;1378.31;1430.06
20160401;1046.57;1363.07;1414.24
20160404;1047.98;1364.91;1416.16
20160405;1030.24;1342.01;1392.40
20160406;1039.75;1354.92;1405.79
20160407;1041.69;1357.89;1408.92
20160408;1037.95;1353.01;1403.86
20160411;1035.95;1350.41;1401.16
20160412;1037.14;1351.95;1402.76
20160413;1038.85;1354.18;1405.07
20160414;1049.26;1367.76;1419.15
20160415;1056.52;1377.22;1428.97
20160418;1057.91;1379.03;1430.85
20160419;1063.67;1386.55;1438.65
20160420;1069.12;1393.65;1446.02
20160421;1078.39;1406.01;1458.84
20160422;1065.79;1389.58;1441.80
20160425;1065.79;1389.58;1441.80
20160426;1062.71;1385.56;1437.63
20160427;1068.58;1393.22;1445.57
20160428;1079.82;1407.87;1460.78
20160429;1083.87;1413.15;1466.26
20160502;1092.18;1423.98;1477.49
20160503;1110.67;1448.09;1502.51
20160504;1097.56;1431.00;1484.77
20160505;1102.01;1436.97;1490.97
20160506;1107.88;1444.62;1498.91
20160509;1116.85;1456.32;1511.04
20160510;1111.46;1449.30;1503.76
20160511;1127.81;1470.61;1525.87
20160512;1129.28;1472.53;1527.86
20160513;1124.70;1466.55;1521.66
20160516;1121.00;1461.73;1516.66
20160517;1122.96;1464.29;1519.31
20160518;1108.14;1444.96;1499.26
20160519;1096.88;1430.28;1484.03
20160520;1105.39;1441.37;1495.54
20160523;1106.33;1443.37;1497.61
20160524;1100.92;1436.31;1490.66
20160525;1115.14;1454.87;1509.91
20160526;1117.42;1457.84;1513.00
20160527;1119.55;1460.61;1515.88
20160530;1120.22;1461.49;1516.79
20160531;1121.51;1463.18;1518.54
20160601;1109.96;1449.33;1504.16
20160602;1101.68;1438.57;1493.02
20160603;1108.07;1446.91;1501.68
20160606;1116.79;1458.30;1513.50
20160607;1115.41;1456.50;1511.63
20160608;1115.14;1456.14;1511.25
20160609;1121.57;1464.67;1520.11
20160610;1115.67;1456.96;1512.11
20160613;1115.67;1456.96;1512.11
20160614;1092.86;1427.17;1481.20
20160615;1088.81;1421.88;1475.70
20160616;1093.80;1428.40;1482.47
20160617;1093.90;1428.90;1482.98
20160620;1104.66;1442.95;1497.57
20160621;1111.16;1451.43;1506.38
20160622;1105.54;1444.10;1498.77
20160623;1105.15;1443.59;1498.24
20160624;1080.37;1411.23;1464.64
20160627;1085.06;1417.35;1471.00
20160628;1068.62;1395.87;1448.71
20160629;1078.48;1412.23;1467.25
20160630;1092.42;1430.49;1486.21
20160701;1100.59;1441.18;1497.32
20160704;1111.59;1455.82;1512.53
20160705;1100.65;1441.50;1497.65
20160706;1097.88;1438.22;1494.41
20160707;1107.98;1451.45;1508.15
20160708;1109.32;1453.21;1509.98
20160711;1129.27;1479.34;1537.13
20160712;1132.72;1483.87;1541.83
20160713;1142.46;1496.62;1555.08
20160714;1148.92;1505.08;1563.88
20160715;1154.35;1512.20;1571.27
20160718;1159.24;1518.60;1577.92
20160719;1158.38;1517.47;1576.75
20160720;1169.15;1531.59;1591.42
20160721;1169.60;1532.18;1592.03
20160722;1163.45;1524.12;1583.66
20160725;1166.62;1528.27;1587.97
20160726;1165.37;1526.64;1586.27
20160727;1165.62;1526.97;1586.61
20160728;1176.58;1541.32;1601.53
20160729;1185.50;1553.00;1613.67
20160801;1190.33;1559.33;1620.24
20160802;1176.65;1541.41;1601.62
20160803;1162.93;1523.44;1582.95
20160804;1169.54;1532.10;1591.95
20160805;1177.69;1542.77;1603.04
20160808;1181.05;1547.17;1607.61
20160809;1173.68;1537.52;1597.58
20160810;1172.15;1535.52;1595.50
20160811;1177.64;1542.71;1602.97
20160812;1187.32;1555.39;1616.15
20160815;1190.77;1559.91;1620.85
20160816;1185.74;1553.91;1614.61
20160817;1180.56;1547.79;1608.25
20160818;1184.28;1553.00;1613.66
20160819;1192.88;1564.94;1626.14
20160822;1181.96;1550.62;1611.26
20160823;1181.94;1551.66;1612.34
20160824;1186.51;1557.65;1618.57
20160825;1187.40;1559.45;1620.44
20160826;1186.40;1558.24;1619.17
20160829;1176.97;1545.90;1606.36
20160830;1172.73;1541.17;1601.44
20160831;1168.72;1536.75;1596.85
20160901;1165.03;1532.82;1592.76
20160902;1157.90;1523.89;1583.49
20160905;1159.98;1528.63;1588.41
20160906;1160.70;1529.68;1589.50
20160907;1167.43;1539.44;1599.73
20160908;1158.71;1530.49;1590.47
20160909;1149.92;1519.50;1579.05
20160912;1119.12;1479.24;1537.21
20160913;1125.12;1487.47;1545.76
20160914;1125.01;1488.55;1546.89
20160915;1127.09;1492.20;1550.69
20160916;1146.03;1517.28;1576.76
20160919;1142.14;1512.13;1571.40
20160920;1145.39;1517.01;1576.48
20160921;1151.65;1525.30;1585.09
20160922;1162.60;1540.42;1600.80
20160923;1173.06;1554.28;1615.21
20160926;1173.83;1555.30;1616.26
20160927;1168.21;1549.00;1609.74
20160928;1170.42;1552.28;1613.14
20160929;1183.60;1570.72;1632.43
20160930;1170.19;1553.41;1614.45
20161003;1181.52;1568.46;1630.08
20161004;1184.14;1571.93;1633.70
20161005;1170.66;1554.04;1615.10
20161006;1169.61;1552.98;1614.00
20161007;1163.64;1545.24;1605.96
20161010;1161.54;1542.45;1603.06
20161011;1164.03;1545.76;1606.50
20161012;1159.73;1540.05;1600.56
20161013;1154.88;1533.84;1594.11
20161014;1154.76;1533.68;1593.94
20161017;1142.73;1517.69;1577.33
20161018;1139.52;1513.61;1573.08
20161019;1146.70;1523.15;1583.00
20161020;1150.73;1528.50;1588.55
20161021;1144.67;1520.45;1580.19
20161024;1139.08;1513.03;1572.48
20161025;1143.96;1519.51;1579.21
20161026;1122.15;1490.54;1549.11
20161027;1111.43;1476.30;1534.31
20161028;1115.83;1482.41;1540.65
20161031;1118.47;1485.91;1544.29
20161101;1114.82;1481.07;1539.26
20161102;1103.60;1466.16;1523.76
20161103;1103.94;1466.85;1524.48
20161104;1097.82;1458.72;1516.04
20161107;1105.79;1469.31;1527.04
20161108;1116.67;1483.76;1542.06
20161109;1089.68;1447.90;1504.79
20161110;1124.86;1494.65;1553.38
20161111;1117.90;1486.64;1545.10
20161114;1107.06;1472.23;1530.12
20161115;1104.48;1468.79;1526.55
20161116;1101.27;1465.33;1522.96
20161117;1093.76;1455.33;1512.56
20161118;1102.02;1466.32;1523.99
20161121;1098.94;1462.24;1519.74
20161122;1116.61;1485.75;1544.17
20161123;1125.03;1496.94;1555.81
20161124;1123.97;1495.53;1554.34
20161125;1131.23;1505.20;1564.39
20161128;1127.76;1500.78;1559.79
20161129;1122.64;1493.97;1552.72
20161130;1116.50;1485.80;1544.23
20161201;1128.45;1501.70;1560.76
20161202;1109.46;1476.42;1534.48
20161205;1097.84;1460.96;1518.41
20161206;1103.92;1469.05;1526.83
20161207;1107.44;1473.88;1531.84
20161208;1118.27;1488.29;1546.82
20161209;1116.25;1485.60;1544.02
20161212;1112.94;1481.31;1539.56
20161213;1112.59;1480.85;1539.08
20161214;1124.34;1496.49;1555.34
20161215;1115.66;1485.31;1543.72
20161216;1116.22;1486.05;1544.49
20161219;1115.56;1485.18;1543.58
20161220;1123.46;1495.70;1554.52
20161221;1130.73;1505.37;1564.57
20161222;1131.36;1506.22;1565.45
20161223;1128.03;1501.78;1560.84
20161227;1128.03;1501.78;1560.84
20161228;1145.55;1525.11;1585.08
20161229;1150.45;1534.39;1595.85
20161230;1152.67;1537.35;1598.92
20170103;1165.27;1554.16;1616.40
20170104;1160.98;1548.43;1610.45
20170105;1162.39;1550.32;1612.41
20170106;1161.34;1549.05;1611.09
20170109;1169.04;1559.33;1621.79
20170110;1154.67;1540.16;1601.85
20170111;1151.94;1536.52;1598.06
20170112;1154.52;1539.97;1601.64
20170113;1144.91;1527.14;1588.30
20170116;1150.66;1534.81;1596.29
20170117;1141.52;1523.01;1584.19
20170118;1135.87;1515.48;1576.35
20170119;1137.35;1517.45;1578.41
20170120;1130.40;1508.18;1568.76
20170123;1120.83;1495.41;1555.47
20170124;1131.15;1509.18;1569.80
20170125;1134.92;1514.21;1575.03
20170126;1134.92;1514.21;1575.03
20170127;1137.04;1517.04;1577.98
20170130;1126.14;1502.49;1562.84
20170131;1116.42;1489.52;1549.35
20170201;1117.38;1490.81;1550.70
20170202;1121.43;1496.21;1556.31
20170203;1118.57;1492.39;1552.34
20170206;1115.25;1487.96;1547.73
20170207;1117.56;1491.05;1550.94
20170208;1123.36;1498.78;1558.98
20170209;1127.92;1504.87;1565.32
20170210;1140.11;1521.14;1582.24
20170213;1148.05;1531.73;1593.26
20170214;1156.99;1543.99;1606.01
20170215;1158.56;1546.59;1608.71
20170216;1155.06;1541.92;1603.86
20170217;1145.35;1528.96;1590.38
20170220;1145.38;1528.99;1590.41
20170221;1143.95;1528.02;1589.40
20170222;1150.32;1536.53;1598.25
20170223;1151.78;1539.68;1601.53
20170224;1147.00;1533.29;1594.88
20170227;1150.76;1538.31;1600.10
20170228;1143.49;1529.71;1591.19
20170301;1139.00;1524.93;1586.22
20170302;1155.89;1549.59;1611.87
20170303;1142.96;1532.65;1594.25
20170306;1136.23;1525.09;1586.45
20170307;1137.06;1527.11;1588.54
20170308;1134.52;1524.97;1586.40
20170309;1135.00;1527.60;1589.14
20170310;1144.31;1540.14;1602.18
20170313;1144.79;1541.24;1603.41
20170314;1148.26;1546.38;1608.76
20170315;1151.22;1550.71;1613.29
20170316;1155.69;1557.48;1620.33
20170317;1160.49;1565.14;1628.30
20170320;1157.05;1560.83;1623.89
20170321;1164.65;1571.23;1634.71
20170322;1150.84;1552.86;1615.60
20170323;1154.00;1557.76;1620.70
20170324;1159.32;1565.20;1628.44
20170327;1160.01;1566.34;1629.62
20170328;1175.41;1587.14;1651.27
20170329;1185.69;1601.03;1665.71
20170330;1182.84;1598.37;1663.10
20170331;1178.15;1592.03;1656.51
20170403;1171.71;1583.32;1647.44
20170404;1173.07;1585.17;1649.37
20170405;1174.78;1587.47;1651.77
20170406;1176.28;1590.35;1654.76
20170407;1174.67;1588.17;1652.49
20170410;1180.25;1595.72;1660.35
20170411;1182.73;1599.07;1663.83
20170412;1184.10;1600.93;1665.77
20170413;1176.53;1590.69;1655.12
20170417;1176.53;1590.69;1655.12
20170418;1167.24;1578.13;1642.05
20170419;1164.00;1573.75;1637.49
20170420;1162.40;1571.58;1635.23
20170421;1167.68;1578.73;1642.67
20170424;1170.40;1582.40;1646.49
20170425;1170.40;1582.40;1646.49
20170426;1174.00;1587.27;1651.55
20170427;1175.42;1589.46;1653.83
20170428;1178.09;1593.08;1657.60
20170501;1181.15;1597.20;1661.89
20170502;1186.48;1604.42;1669.40
20170503;1182.23;1598.68;1663.42
20170504;1182.16;1598.81;1663.57
20170505;1169.13;1581.19;1645.23
20170508;1179.38;1595.05;1659.65
20170509;1189.31;1608.49;1673.63
20170510;1196.47;1618.16;1683.70
20170511;1191.49;1611.43;1676.69
20170512;1174.07;1587.87;1652.18
20170515;1167.14;1578.50;1642.43
20170516;1171.65;1584.59;1648.77
20170517;1159.92;1568.74;1632.27
20170518;1150.97;1556.89;1619.94
20170519;1151.94;1558.20;1621.31
20170522;1157.73;1566.02;1629.45
20170523;1161.91;1571.68;1635.33
20170524;1159.16;1568.78;1632.32
20170525;1154.72;1562.78;1626.08
20170526;1149.66;1555.93;1618.95
20170529;1139.51;1542.18;1604.64
20170530;1139.28;1541.88;1604.32
20170531;1143.94;1548.19;1610.89
20170601;1151.13;1559.30;1622.48
20170602;1163.03;1575.42;1639.26
20170605;1162.98;1575.35;1639.19
20170606;1147.72;1554.67;1617.67
20170607;1148.74;1556.06;1619.11
20170608;1148.37;1555.67;1618.71
20170609;1147.88;1555.02;1618.03
20170612;1147.88;1555.02;1618.03
20170613;1159.83;1571.20;1634.87
20170614;1179.87;1598.35;1663.12
20170615;1171.65;1587.22;1651.54
20170616;1171.13;1586.51;1650.80
20170619;1172.46;1588.32;1652.68
20170620;1170.70;1585.94;1650.20
20170621;1153.93;1563.20;1626.55
20170622;1158.59;1570.04;1633.66
20170623;1162.56;1575.41;1639.25
20170626;1161.22;1573.60;1637.37
20170627;1157.94;1569.13;1632.72
20170628;1172.57;1588.96;1653.35
20170629;1182.42;1605.61;1672.15
20170630;1163.58;1580.03;1645.50
20170703;1151.61;1563.77;1628.57
20170704;1168.33;1586.64;1652.39
20170705;1167.02;1584.86;1650.54
20170706;1166.55;1584.72;1650.54
20170707;1154.26;1568.02;1633.14
20170710;1158.18;1573.34;1638.69
20170711;1158.39;1573.63;1638.99
20170712;1147.29;1558.55;1623.28
20170713;1162.64;1579.40;1645.00
20170714;1170.56;1590.16;1656.21
20170717;1170.36;1589.89;1655.92
20170718;1156.91;1571.62;1636.89
20170719;1154.15;1567.87;1632.99
20170720;1156.05;1570.45;1635.67
20170721;1153.22;1566.61;1631.67
20170724;1148.34;1559.98;1624.77
20170725;1157.56;1572.98;1638.52
20170726;1167.96;1587.11;1653.24
20170727;1168.27;1587.52;1653.67
20170728;1151.66;1564.96;1630.17
20170731;1154.16;1568.35;1633.70
20170801;1156.93;1572.11;1637.62
20170802;1153.08;1566.88;1632.17
20170803;1154.48;1568.79;1634.16
20170804;1153.17;1567.01;1632.31
20170807;1164.24;1582.06;1647.98
20170808;1156.73;1571.84;1637.34
20170809;1162.35;1579.49;1645.30
20170810;1159.46;1575.56;1641.21
20170811;1148.34;1560.45;1625.47
20170814;1155.56;1570.26;1635.69
20170815;1157.82;1573.83;1639.41
20170816;1162.90;1580.74;1646.60
20170817;1171.60;1592.97;1659.35
20170818;1167.14;1587.01;1653.13
20170821;1159.45;1576.55;1642.24
20170822;1164.20;1583.34;1649.32
20170823;1158.37;1575.71;1641.36
20170824;1159.27;1577.31;1643.03
20170825;1159.32;1578.26;1644.03
20170828;1155.28;1572.77;1638.30
20170829;1152.51;1569.84;1635.26
20170830;1158.58;1579.28;1645.09
20170831;1166.42;1590.64;1656.93
20170901;1169.33;1595.17;1661.73
20170904;1166.17;1591.81;1658.22
20170905;1166.77;1592.75;1659.22
20170906;1170.44;1600.08;1666.88
20170907;1172.57;1605.05;1672.06
20170908;1170.19;1602.70;1669.60
20170911;1171.89;1606.86;1673.94
20170912;1172.17;1608.19;1675.32
20170913;1172.95;1609.80;1677.01
20170914;1171.51;1608.34;1675.50
20170915;1162.90;1596.51;1663.18
20170918;1168.59;1604.33;1671.32
20170919;1166.94;1602.69;1669.62
20170920;1169.24;1605.85;1672.91
20170921;1156.66;1589.04;1655.39
20170922;1158.24;1591.21;1657.66
20170925;1158.34;1591.79;1658.26
20170926;1155.98;1589.19;1655.64
20170927;1155.79;1589.17;1655.62
20170928;1155.79;1590.42;1657.10
20170929;1158.56;1594.24;1661.08
20171002;1169.29;1609.00;1676.46
20171003;1164.01;1601.73;1668.88
20171004;1156.08;1590.83;1657.52
20171005;1159.96;1596.65;1663.58
20171006;1168.40;1608.27;1675.69
20171009;1179.44;1623.46;1691.52
20171010;1182.72;1627.97;1696.22
20171011;1192.53;1641.48;1710.29
20171012;1199.00;1650.64;1719.84
20171013;1203.16;1656.37;1725.81
20171016;1211.03;1667.21;1737.10
20171017;1218.92;1678.06;1748.41
20171018;1217.94;1676.71;1747.01
20171019;1220.14;1679.74;1750.16
20171020;1220.41;1680.12;1750.56
20171023;1219.12;1678.34;1748.70
20171024;1222.81;1683.42;1754.00
20171025;1224.94;1686.35;1757.05
20171026;1226.18;1688.06;1758.82
20171027;1221.94;1682.50;1753.03
20171030;1223.60;1684.78;1755.41
20171031;1221.16;1681.41;1751.90
20171101;1226.61;1688.92;1759.73
20171102;1232.58;1697.15;1768.30
20171103;1240.99;1708.72;1780.36
20171106;1244.18;1713.11;1784.93
20171107;1259.44;1734.36;1807.07
20171108;1254.17;1727.10;1799.51
20171109;1266.91;1744.90;1818.05
20171110;1261.83;1739.25;1812.20
20171113;1264.54;1742.97;1816.09
20171114;1257.58;1733.38;1806.09
20171115;1255.49;1730.50;1803.09
20171116;1247.42;1719.39;1791.51
20171117;1256.33;1731.66;1804.30
20171120;1248.72;1721.18;1793.38
20171121;1255.65;1730.73;1803.33
20171122;1263.16;1741.07;1814.10
20171123;1261.27;1738.47;1811.40
20171124;1263.87;1742.96;1816.07
20171127;1262.10;1740.52;1813.53
20171128;1267.47;1748.14;1821.48
20171129;1274.81;1758.25;1832.02
20171130;1268.93;1750.24;1823.67
20171201;1271.99;1754.46;1828.06
20171204;1264.77;1744.50;1817.68
20171205;1258.49;1735.83;1808.66
20171206;1252.87;1728.25;1800.76
20171207;1262.69;1741.79;1814.87
20171208;1259.51;1737.41;1810.30
20171211;1258.84;1736.49;1809.34
20171212;1255.93;1732.47;1805.16
20171213;1257.62;1734.81;1807.59
20171214;1262.23;1741.17;1814.22
20171215;1260.75;1739.12;1812.08
20171218;1267.18;1748.00;1821.33
20171219;1271.79;1754.35;1827.95
20171220;1276.10;1760.30;1834.15
20171221;1276.16;1760.38;1834.23
20171222;1279.51;1765.01;1839.06
20171226;1279.51;1765.01;1839.06
20171227;1277.95;1762.85;1836.81
20171228;1283.41;1774.06;1849.78
20171229;1275.28;1762.83;1838.07
20180102;1274.77;1762.12;1837.33
20180103;1275.42;1763.03;1838.27
20180104;1281.33;1771.19;1846.78
20180105;1284.43;1775.48;1851.25
20180108;1286.20;1777.92;1853.80
20180109;1279.40;1768.52;1844.00
20180110;1271.68;1757.86;1832.88
20180111;1261.97;1744.43;1818.88
20180112;1260.29;1742.10;1816.45
20180115;1265.60;1749.44;1824.11
20180116;1268.54;1753.51;1828.35
20180117;1263.76;1747.30;1822.06
20180118;1259.74;1741.74;1816.25
20180119;1261.31;1743.91;1818.52
20180122;1263.12;1746.41;1821.12
20180123;1267.94;1753.09;1828.09
20180124;1267.22;1752.09;1827.04
20180125;1267.73;1752.79;1827.77
20180126;1267.73;1752.79;1827.77
20180129;1267.96;1753.11;1828.11
20180130;1257.32;1738.40;1812.77
20180131;1266.19;1750.91;1825.94
20180201;1278.27;1767.63;1843.37
20180202;1280.64;1770.89;1846.77
20180205;1255.27;1735.82;1810.20
20180206;1212.95;1677.29;1749.16
20180207;1225.98;1695.32;1767.96
20180208;1232.37;1704.15;1777.17
20180209;1214.75;1679.78;1751.75
20180212;1206.49;1668.36;1739.85
20180213;1218.29;1685.06;1757.26
20180214;1214.64;1680.01;1751.99
20180215;1225.82;1695.48;1768.12
20180216;1227.58;1697.90;1770.65
20180219;1237.66;1711.86;1785.20
20180220;1247.32;1725.59;1799.53
20180221;1257.47;1739.63;1814.17
20180222;1267.64;1754.15;1829.31
20180223;1279.95;1771.36;1847.26
20180226;1284.21;1777.64;1853.81
20180227;1285.24;1779.87;1856.17
20180228;1276.06;1769.69;1845.55
20180301;1268.22;1760.94;1836.43
20180302;1255.11;1743.29;1818.12
20180305;1250.30;1737.62;1812.20
20180306;1264.26;1757.86;1833.31
20180307;1255.83;1747.57;1822.60
20180308;1267.59;1766.38;1842.24
20180309;1271.58;1772.64;1848.77
20180312;1277.71;1781.37;1857.87
20180313;1269.82;1771.25;1847.31
20180314;1272.37;1775.65;1851.96
20180315;1269.03;1772.33;1848.49
20180316;1273.10;1778.24;1854.65
20180319;1272.93;1778.01;1854.42
20180320;1270.88;1775.15;1851.43
20180321;1272.86;1777.90;1854.30
20180322;1269.17;1772.75;1848.93
20180323;1244.37;1738.11;1812.80
20180326;1244.13;1737.78;1812.46
20180327;1259.38;1759.41;1835.03
20180328;1248.07;1744.99;1820.33
20180329;1238.23;1731.22;1805.97
20180402;1238.23;1731.22;1805.97
20180403;1230.43;1720.33;1794.61
20180404;1230.49;1720.41;1794.69
20180405;1236.06;1729.03;1803.69
20180406;1237.90;1731.61;1806.38
20180409;1243.83;1739.91;1815.03
20180410;1248.36;1746.24;1821.64
20180411;1241.39;1736.49;1811.47
20180412;1235.51;1728.26;1802.88
20180413;1244.75;1741.20;1816.38
20180416;1243.84;1739.92;1815.05
20180417;1246.65;1743.85;1819.15
20180418;1259.13;1761.31;1837.36
20180419;1261.25;1764.28;1840.46
20180420;1253.60;1753.57;1829.28
20180423;1247.11;1744.49;1819.82
20180424;1252.85;1752.52;1828.19
20180426;1259.17;1761.36;1837.41
20180427;1264.89;1769.36;1845.75
20180430;1274.81;1783.55;1860.56
20180501;1279.40;1789.97;1867.26
20180502;1292.40;1808.17;1886.24
20180503;1303.81;1824.42;1903.20
20180504;1302.40;1822.45;1901.13
20180507;1306.33;1827.94;1906.87
20180508;1304.49;1825.37;1904.18
20180509;1309.37;1832.20;1911.31
20180510;1305.39;1826.63;1905.50
20180511;1314.58;1839.48;1918.91
20180514;1318.06;1844.37;1924.00
20180515;1315.46;1840.71;1920.19
20180516;1319.69;1846.64;1926.38
20180517;1319.53;1846.42;1926.14
20180518;1310.73;1834.10;1913.29
20180521;1319.33;1846.34;1926.07
20180522;1305.57;1827.08;1905.97
20180523;1307.75;1830.14;1909.16
20180524;1305.59;1827.12;1906.01
20180525;1307.99;1830.47;1909.51
20180528;1311.60;1836.55;1915.85
20180529;1308.77;1832.59;1911.72
20180530;1312.20;1837.40;1916.74
20180531;1319.06;1848.40;1928.22
20180601;1312.48;1839.61;1919.05
20180604;1319.08;1848.85;1928.69
20180605;1316.40;1845.09;1924.77
20180606;1326.68;1859.51;1939.81
20180607;1330.00;1864.33;1944.84
20180608;1326.40;1859.28;1939.56
20180612;1337.72;1875.14;1956.12
20180613;1323.85;1855.71;1935.84
20180614;1327.26;1860.48;1940.82
20180615;1336.48;1873.41;1954.30
20180618;1339.00;1876.95;1958.00
20180619;1332.34;1867.61;1948.26
20180620;1344.05;1884.02;1965.37
20180621;1361.67;1908.71;1991.14
20180622;1350.06;1892.44;1974.16
20180625;1352.29;1895.76;1977.70
20180626;1347.83;1889.51;1971.18
20180627;1346.17;1887.18;1968.76
20180628;1340.82;1884.59;1968.09
20180629;1335.72;1877.42;1960.60
20180702;1325.34;1862.83;1945.36
20180703;1327.23;1865.49;1948.14
20180704;1318.67;1853.46;1935.58
20180705;1318.38;1853.06;1935.16
20180706;1325.42;1862.95;1945.49
20180709;1326.86;1864.97;1947.60
20180710;1328.68;1867.74;1950.49
20180711;1316.61;1850.77;1932.77
20180712;1322.65;1859.26;1941.64
20180713;1322.52;1859.07;1941.44
20180716;1321.81;1858.07;1940.40
20180717;1311.60;1843.72;1925.40
20180718;1319.64;1855.02;1937.21
20180719;1322.43;1858.95;1941.31
20180720;1324.31;1861.59;1944.07
20180723;1310.73;1842.50;1924.13
20180724;1320.17;1856.14;1938.55
20180725;1318.84;1854.28;1936.60
20180726;1324.02;1861.56;1944.20
20180727;1328.14;1867.34;1950.25
20180730;1320.43;1856.50;1938.92
20180731;1309.40;1841.01;1922.74
20180801;1311.54;1844.01;1925.88
20180802;1310.85;1843.03;1924.86
20180803;1317.90;1852.94;1935.21
20180806;1318.31;1853.53;1935.82
20180807;1310.69;1842.82;1924.63
20180808;1307.17;1837.87;1919.46
20180809;1311.99;1844.64;1926.53
20180810;1305.24;1835.16;1916.63
20180813;1300.05;1827.85;1909.00
20180814;1313.69;1847.04;1929.04
20180815;1317.08;1852.18;1934.41
20180816;1314.25;1848.70;1930.77
20180817;1321.11;1858.36;1940.86
20180820;1326.35;1865.73;1948.56
20180821;1332.66;1875.59;1958.96
20180822;1343.46;1891.13;1975.19
20180823;1353.51;1905.37;1990.07
20180824;1344.93;1893.48;1977.64
20180827;1343.93;1893.07;1977.21
20180828;1349.24;1900.67;1985.16
20180829;1350.38;1903.71;1988.33
20180830;1354.54;1910.10;1995.01
20180831;1346.84;1900.28;1984.75
20180903;1345.27;1898.53;1983.09
20180904;1343.65;1897.57;1982.08
20180905;1337.00;1888.95;1973.08
20180906;1317.07;1861.69;1944.68
20180907;1314.13;1857.94;1940.76
20180910;1307.92;1850.01;1932.48
20180911;1314.32;1859.76;1942.67
20180912;1309.39;1855.77;1938.49
20180913;1303.36;1849.42;1931.89
20180914;1308.63;1857.01;1939.88
20180917;1307.95;1856.05;1938.86
20180918;1295.12;1837.84;1919.84
20180919;1300.70;1846.03;1928.40
20180920;1294.08;1837.02;1918.99
20180921;1300.91;1846.71;1929.12
20180924;1298.16;1842.81;1925.04
20180925;1290.92;1832.71;1914.49
20180926;1294.50;1838.33;1920.36
20180927;1300.62;1847.93;1930.74
20180928;1300.74;1848.09;1930.91
